Je Cluster eine Zeile mit ADC Einträgen aller Kanäle mit Signal 
11.276578125
12.890765625
18.3517007874
21.0567086614
14.357515625
12.044515625
10.455078125
14.414390625
17.396265625
12.420015625
13.036890625
13.240140625
9.320578125
15.882578125
10.416015625
18.4133700787
24.9292755906
14.193453125
14.515890625
20.7842677165
9.579453125
20.2741574803
15.031015625
18.6351653543
17.328140625
10.653203125
10.787640625
15.458578125
11.205703125
10.618453125
9.277265625
12.771078125
12.192328125
10.964828125
10.997828125
19.7428188976
17.286765625
11.087640625
10.706265625
12.057390625
25.6928661417
9.533828125
18.393828125
9.731765625
16.531515625
9.560953125
10.648703125
16.769765625
11.381765625
15.679765625
12.251265625
11.718265625
13.741765625
18.590503937
13.024953125
9.827453125
10.090765625
10.101703125
10.340703125
11.567203125
10.015640625
10.841078125
14.592328125
10.057640625
11.013640625
11.702078125
17.446640625
10.629890625
10.266140625
11.440078125
10.280578125
11.457390625
9.537140625
12.396140625
18.362515625
10.245515625
16.120328125
12.026328125
10.547390625
22.1298425197
15.371890625
12.807265625
21.6757322835
9.77673228346
10.559453125
12.224640625
10.257140625
10.235015625
10.122015625
9.881015625
11.533203125
17.332140625
11.056203125
13.768203125
14.707265625
11.482953125
63.6517952756
10.637640625
10.974265625
13.263640625
17.409765625
11.492203125
12.112265625
15.228265625
10.8355275591
30.0095275591
10.700828125
28.226976378
9.920453125
13.514515625
9.603265625
9.766015625
8.97378740157
30.8267874016
11.458640625
10.343453125
12.284515625
12.046515625
12.362703125
9.792203125
18.6936850394
9.614578125
9.873578125
9.832265625
13.001265625
13.544953125
14.735640625
10.265328125
16.831390625
10.394453125
58.9358897638
9.651765625
9.786078125
10.227890625
11.178703125
12.136953125
10.347890625
42.8981574803
17.921023622
10.627023622
9.671453125
11.712890625
12.731703125
10.217703125
10.715828125
21.8854330709
10.125015625
10.608015625
12.000640625
13.489828125
12.453265625
19.9375275591
12.454703125
11.943578125
10.177328125
9.473578125
9.955703125
12.472265625
11.249703125
11.790765625
10.045078125
15.586578125
19.7464724409
23.2331496063
17.668828125
10.127640625
16.132515625
10.318328125
9.40103937008
20.5150393701
11.7900393701
9.935203125
10.911015625
10.392578125
12.917765625
10.817328125
12.013578125
15.178578125
20.6981574803
13.5071574803
19.5876062992
9.685890625
10.374578125
10.341578125
20.262503937
10.622828125
15.561828125
18.109765625
10.230765625	10.020765625
16.398953125
11.647328125
26.523984252
17.011015625
11.547015625
9.663015625
9.804953125
12.485203125
9.906015625
10.469578125
9.968328125
12.094265625
16.617265625
9.597265625
14.728078125
10.921203125
11.798828125
12.249765625
10.448765625
9.792390625
12.048890625
40.4395748031
10.038578125
10.918578125
9.855578125
12.387078125
12.321953125
9.781265625
10.894265625
9.956265625
12.598640625
9.595390625
10.127890625
24.0869448819
17.0056850394
11.682265625
9.966390625
12.381390625
23.1158582677
10.6188582677
11.808203125
13.216953125
15.747890625
10.908828125
13.111328125
10.065078125
15.341140625
10.353140625
11.872078125
16.836453125
11.175765625
9.381078125
10.620140625	19.225140625
13.193390625
35.0557637795
14.327703125
9.579703125
11.608890625
10.259078125
14.103578125
10.115015625
15.678328125
20.6538740157
9.852515625
10.575515625
9.397953125
14.810953125
9.424765625
11.497640625
16.269140625
23.220992126
11.733953125
9.813203125
9.029515625
11.231078125
9.712578125
10.091828125
9.789453125
9.453453125
13.879203125
12.676765625
9.922203125
12.297265625
46.3539055118
10.182640625
10.276640625
9.500953125
13.400453125
9.827078125
13.038078125
15.215078125
10.301078125
18.5708503937
49.5275748031
11.669890625
18.8398267717
24.3944724409	12.7734724409
9.290078125
22.6972125984
39.372992126
10.279515625
12.940640625
10.635703125
12.832890625
10.986078125
17.690265625
16.543953125
10.504265625
14.254265625
9.540328125
9.762578125
15.092203125
9.929265625
16.078640625
38.0524251969
10.616503937
22.198503937
13.116828125
9.692953125
12.917953125
11.143765625
27.4311338583
44.2779370079
10.658640625
13.612515625
12.902703125
33.8106614173
10.208890625
10.924828125
10.359515625	10.143515625
10.874578125
10.013015625
10.417515625
17.5751338583
10.934890625
20.046390625
9.921390625
22.8325826772
20.472015748
16.008140625
11.812078125
47.7900629921
19.5662519685
17.521390625
26.8671653543
9.930203125
10.2100472441
22.2520472441
10.572078125
10.905828125
10.232015625
9.651328125
11.717203125
15.268890625
13.474765625
18.2509133858
10.572265625
12.114828125
34.6251496063
10.101890625
9.516890625
10.984890625
10.257765625
9.651640625
45.9647301587	32.9427301587
22.9607301587
13.813453125
12.436515625
10.712203125
17.680453125
15.127953125
10.154265625
12.054265625
14.257390625
9.708640625
17.4432992126
12.5832992126
74.9962992126
10.978203125
11.515640625
12.077140625
11.458953125
11.263890625
12.157890625
13.030890625
13.129515625
10.313453125
14.549828125
9.974578125
12.193890625
10.931328125
10.502328125
13.948828125
12.786890625
9.516890625
10.856265625
21.3791889764
31.5261889764
9.883328125
11.457328125
28.6853700787
9.347578125
13.901578125
11.497015625
16.388328125
19.674828125
9.724203125
13.993203125
12.552078125
9.594078125
25.4700629921
12.287328125
10.867828125
15.543828125
9.636078125
9.969078125
10.075078125
12.651078125
11.422640625
15.906515625
11.157515625
10.481765625
12.554765625
15.488140625
14.082265625
11.406578125
16.847515625
10.512515625
13.518515625
17.4414645669
21.7972440945
9.42024409449
12.058453125
11.691328125
10.808140625
19.7060314961
10.562078125
10.246078125
11.302828125
21.3865354331
23.1328031496
10.898953125
10.966390625
11.820578125
9.969015625
17.739328125
9.977328125
14.901578125
10.521578125
11.788578125
12.835453125
10.450453125
10.032578125
19.4562677165
10.3902677165
12.154828125
16.567703125
15.130140625
9.839203125
14.302078125
9.693703125
10.253140625
14.105390625
19.0239527559
12.332640625
9.523765625
9.638640625
10.199140625
10.835890625
61.0212440945
10.1502440945
27.457023622
11.305203125	11.982203125
10.563015625
10.561078125
10.092328125
17.0126771654
17.776390625
9.914390625
14.497703125
13.881390625
20.1632283465
10.043578125
11.943015625
11.027578125
10.191515625
12.194265625
27.3375275591
10.202890625
9.757765625
10.203203125
14.060515625
10.204453125
11.196328125
15.843328125
11.391578125
11.474765625
22.1073543307
11.4933543307
10.604140625
10.720703125
10.380453125
49.7847086614
9.943890625
9.384765625
14.038640625
10.365015625
9.490765625
10.230765625
10.079765625
20.2155748031
25.1150393701
10.872828125
10.802828125
9.937078125
9.574828125
19.212992126
13.653640625
10.489828125
9.804015625
9.403265625
13.842328125
23.8158897638
11.2698897638
20.6158897638
21.6294330709
13.843328125
16.431453125
12.390953125
12.117328125
10.699328125
12.552515625
10.594453125
39.9340629921
9.945015625
12.205765625
10.192640625
9.100140625
18.050140625
11.558140625
14.332265625
11.360640625
10.950453125
14.418203125
10.526328125
9.482015625
10.747015625
15.357453125
12.452453125
9.890328125
9.333765625
15.048140625
12.197890625
10.606453125
40.3705984252
13.830703125
9.747703125
11.562015625
12.475015625
17.2436062992
11.557265625
11.003140625
16.216765625
10.518890625
11.232078125
15.468078125
9.878828125
11.453265625
11.437078125
29.2769291339	19.1799291339
9.493203125
10.209578125
10.764953125
26.3966771654
10.906953125
19.156640625
15.431640625
12.649703125
10.862015625
18.486703125
9.375265625
14.478078125
15.374765625
9.619578125
19.8804566929
9.312640625
17.276703125
16.007890625
13.340765625
23.8394488189
12.588828125
13.480328125
24.3028818898
16.455390625
52.0091496063
12.904265625
10.130453125
12.776390625
9.631390625
10.316390625
10.157265625
11.321265625
10.989328125
51.1452755906
10.265203125
16.569203125
10.480703125
10.211453125
15.528640625
10.723953125
9.510953125
17.405015748	25.872015748
10.113015625
13.395453125	17.445453125
21.4170866142
13.808703125
12.911890625
15.797203125
12.773578125
9.540390625
15.598640625
12.336078125
10.693890625
13.582265625
13.159453125
10.638015625
10.549515625
12.895515625
15.989890625
13.964203125
10.298828125
9.797828125
10.234890625
10.250328125
14.764953125
14.229496063
36.413496063
10.300496063
10.979828125
11.9749133858	22.1229133858
12.474390625
9.706390625
40.0453700787
14.674828125
12.091390625
45.5134645669
10.782578125
9.863015625
12.762953125
25.6971496063
11.224390625
29.9070393701
13.162953125
11.029328125
10.247328125
9.749578125
10.011578125
14.031578125
9.476890625
10.307890625
9.061078125
10.397078125
9.490078125
17.3090551181
12.194265625
36.1016850394
10.155203125
11.157890625
12.815640625
14.740203125
26.588488189
10.740265625
9.391890625
18.809828125
16.126765625
13.091765625
14.443140625
10.144265625
11.820265625
9.612265625
10.201265625
11.192265625
9.318890625
14.564140625
59.0498425197
10.130890625
13.680703125
12.319828125
11.297640625
11.195453125
11.424453125
12.308453125
29.1862834646
15.015140625
12.064015625
9.829765625
14.818328125
10.739503937
29.566503937
40.0892125984
12.262953125
9.849703125
10.029265625
10.411703125
10.029828125
13.732828125
12.430203125
12.105390625
28.6540629921
13.580390625
9.835703125
71.2593543307
9.93335433071
15.414828125
10.717015625
9.672390625
13.281390625
11.440390625
10.306703125
11.809203125
14.639578125
10.351328125
10.405765625
14.250515625
15.948203125
18.8092755906
35.2694330709
9.478203125
20.9922677165
10.710265625
9.553265625
10.242203125
11.391015625
9.673515625
12.364578125
10.792515625
16.675515625
9.178265625
16.292265625
13.308828125
11.852078125
14.397078125
25.5748188976
16.726890625
43.6457480315
10.697265625
20.181496063
10.726953125
24.0681732283
9.77217322835
16.500828125
11.204390625
11.606765625
15.749765625
13.080390625
10.507890625
13.794515625
15.592328125
11.783265625
11.127265625
10.357390625
13.536703125
19.525765625
13.162703125
12.186078125
11.337203125
11.268203125
14.290828125
10.499765625
12.6511968504
20.9591968504
9.93519685039
9.786453125
14.493453125
9.061078125
16.955390625
18.632890625
10.185890625
12.166078125
14.495703125
10.9555748031
19.9835748031
15.310140625
10.570703125
10.224453125
9.896640625
15.390390625
13.722265625
11.650078125
11.847203125
9.86443307087
51.1814330709
9.546578125
14.539703125
9.499703125
14.076515625
9.976515625
10.987265625
10.898203125
16.245453125
9.644453125
9.620078125
10.637078125
11.251765625
12.542828125
10.429515625
12.463578125
16.448953125
25.9207716535
17.943890625
16.227078125
17.227078125
11.310578125
12.278265625
10.336265625
9.701203125
12.213265625
9.916015625
22.1663779528
26.9540314961
12.268203125
9.506765625
9.89744094488
25.1184409449
14.167015625
14.166703125	11.221703125
16.062828125
20.5807401575
9.461078125
10.609765625
15.650140625
12.125515625
42.8877637795
10.7017637795
11.387328125
17.6092755906
17.932265625
11.858890625
15.267328125
59.6801417323
9.58514173228
9.738890625
10.225140625
11.175140625
11.061828125
9.664453125
13.615828125
17.450078125
16.523140625
12.651328125
9.990265625
16.130953125
9.908828125
15.693140625
10.863140625
13.677078125
14.380453125
10.205140625
9.471640625
19.4376220472
17.9547244094
9.96875590551
37.9587559055
10.269515625
12.442640625
11.909203125
12.468515625
16.823203125
10.129765625
9.858890625
10.859890625
13.305703125
10.269140625
11.2138582677
34.7558582677
16.180328125
13.214765625
10.856765625
24.0997322835
28.2732125984
9.620140625
17.234640625
15.223640625
10.703265625
15.221515625
12.434515625
9.718265625
15.704390625
15.765140625
18.6003937008
11.397765625
10.138328125
14.860140625
12.653578125
13.778640625
11.646828125
11.325515625
11.302515625
25.9176220472
10.844976378
42.714976378
11.347015625
10.663015625
15.668828125
17.9333070866
11.359890625
14.747703125
11.558703125
9.961640625
9.993140625
61.3103149606
15.615140625
12.545453125
11.187828125
11.100515625
11.077640625
11.795515625
34.902503937
13.561828125
17.682953125
11.357265625
9.920453125
12.925140625
14.219265625
11.322265625
9.463828125
10.172390625
22.7162992126
31.7169291339
9.773765625
12.101515625
11.232015625
10.820328125
14.643828125
10.200765625
10.885140625
20.468488189
12.111390625	15.304390625
10.161890625
15.239578125
19.6246456693
12.397015625
10.154828125
13.017890625
10.521390625
11.646328125
10.270828125
49.2094645669
14.166078125
10.301640625
15.458828125
12.805515625
9.546453125
12.828390625
13.060140625
11.055390625
10.018390625
14.468265625
15.381328125
55.9501259843
10.068890625
15.356390625
10.122390625
14.461328125
11.347890625
10.058828125
14.437828125
10.881390625
17.209390625
12.699515625
11.062265625
11.418203125
11.021453125
15.018203125
10.535015625
11.104828125
12.501703125
9.643828125
13.663828125
12.321140625
14.974578125
10.797203125
18.1600787402
10.7170787402
12.341140625
12.129203125
12.778203125
11.962578125
11.324453125
9.685453125
13.967390625
9.681390625
36.3765826772
9.80458267717
12.064515625
9.209515625
10.107453125
19.3366456693
9.55664566929
13.951703125
24.5491811024
9.68918110236
10.604640625
13.416078125
15.841078125
13.920140625
10.700203125
9.287640625
17.476640625
19.8088346457
9.647953125
23.4772440945
21.0427244094
11.3818425197
28.6258425197
15.484515625
14.713890625
9.388265625
25.3448346457
11.668328125
9.815078125
11.498953125
18.944953125
89.7421889764
14.402140625
19.7983779528
11.2453779528
15.099453125
9.352578125
10.621390625
14.989578125
15.576328125
11.973953125
12.391640625
14.355453125
9.640203125	13.018203125
10.646203125
11.332390625
10.705078125
14.960890625
12.345765625
9.729515625
9.776703125
19.215703125
12.707265625
15.816515625
9.872828125
24.3705984252
10.341640625
19.529640625
12.914328125
9.964140625
9.672015625
14.262015625
9.907015625
10.680390625
10.474390625
18.009390625
9.359765625
23.4067559055
10.903203125
23.628488189
25.6778740157
18.587578125
26.7381574803
11.747015625
10.881390625
10.209578125
9.908578125
11.984390625
11.651015625
9.367140625
13.380515625
21.3861574803
21.1217795276
12.728578125
14.777203125
9.759828125
12.710953125
10.601640625
14.536390625
11.884453125
10.878453125
10.276203125
11.480703125
12.653578125
14.375328125
12.023765625
11.073765625
9.615765625
68.7227874016
11.164578125
9.437828125
23.5002992126
15.044953125
9.509453125
14.098890625
9.615578125
10.691140625
9.501703125
21.4287401575
10.581890625
16.263265625
64.2108503937
9.8948503937
11.272015625
11.397015625
12.610140625
12.561390625
9.927515625
16.869515625
10.457328125
31.6068188976
11.1818188976
11.362578125
14.164390625
21.2355433071
14.193328125
10.508140625
10.453453125
10.717328125
9.915328125
10.106765625
25.8934330709
18.0284330709
30.7929606299
13.648765625
32.1614015748
41.9087401575
20.6063779528
14.882390625
9.613515625
9.809203125
12.768203125
10.057953125
98.1756377953
16.577765625
10.426703125
16.937828125
31.9498110236
10.1828110236
10.058203125
32.6040472441
13.054265625
13.935640625
12.334015625
13.507515625
9.79047244094
29.5144724409
33.352015748
15.188265625
10.182265625
12.146265625
10.463640625
9.851953125
10.169015625
9.612703125
11.543140625
17.4141889764
13.982578125
9.368140625
10.239140625
18.122328125
20.2844251969
9.751578125
14.514203125
11.339578125
10.507578125
10.979265625
17.109703125
9.751703125
9.674765625
11.941703125
10.635953125
17.5353858268
17.557328125
10.833328125
11.003265625
22.3462204724
10.1072204724
9.778640625
15.716140625
9.022015625
12.244765625
11.644890625
12.432015625
12.322015625
25.1397322835
11.773390625
10.904140625
12.443515625
9.788890625
10.541328125
12.592390625
12.020390625
54.0142519685
10.3732519685
9.990640625
11.952640625
17.437640625
11.309453125
11.541328125
10.015140625
10.011140625
9.599953125
10.839078125
13.208265625
30.2786929134
9.950515625
21.4451181102
13.762953125
15.005890625
10.327890625
11.239140625
15.091390625
11.566265625
15.807890625
17.905765625
44.5255590551
9.385703125
13.949515625
11.716578125
14.247328125
12.424515625
10.408828125
9.897953125
17.009765625
9.741765625
12.406765625
9.407265625
12.717328125
13.656015625
11.519765625
11.704453125
12.796578125
12.591390625
16.8271023622
32.2048031496
21.3518031496
12.377953125
9.639203125
31.2500314961
16.458890625
9.443890625
10.664578125
10.993953125
18.8074488189
18.4308818898
10.638453125
30.8015905512
11.876515625
10.362265625
10.906578125
10.517578125
9.764578125
18.9464094488
14.529890625
12.010078125
9.723953125
16.708953125
9.608953125
9.671453125
12.515140625
10.318203125
12.406390625
10.084015625
9.822015625
12.419515625
11.335515625
12.992203125
9.573203125
9.693140625
18.435515625
9.597015625
12.403890625
16.015203125
27.2533070866
21.2807716535
9.88977165354
10.650390625
10.154453125
11.278328125
10.449453125
11.872390625
9.774140625
9.577640625
32.8299370079
10.411890625
16.322015625
15.740328125
40.1028818898
10.9288818898
14.002890625
9.312453125
20.6600472441
13.670453125
18.103203125
10.031015625
12.288390625
19.9664409449
14.313515625
9.558515625
17.295078125
12.304203125
13.853203125
18.132890625
9.962890625
13.503078125
13.833265625
10.553265625
10.719515625
9.561078125
17.320078125
10.408515625
12.991703125
10.465703125
19.6845511811
21.457023622
9.726890625
12.162078125
14.741765625
13.239203125
12.510390625
13.427515625
15.357515625
10.309453125
12.102828125
11.963265625
15.338578125
22.726578125
9.526578125
32.9767716535
15.7551574803	21.5781574803	13.9081574803
12.836203125
24.2342204724
56.2728976378
28.3071653543
15.679203125
10.294203125
11.799203125
19.2630708661
10.471828125
11.201703125
15.206078125
11.563140625
11.311078125
25.0461259843
18.2772440945
10.3432440945
12.427828125
9.232203125
13.328203125
11.952078125
24.1473543307
10.2303543307
10.550515625
15.068890625
12.128640625
11.571953125
11.388828125
10.610640625
13.306015625
10.730328125
33.3172440945
32.2739685039
30.2759212598
11.6079212598
9.695640625
10.5272047244
22.3202047244
12.051078125
15.044828125
10.136953125
10.145140625
10.565765625
15.053265625
19.3263779528
23.291480315
10.191480315
15.820640625
13.963828125
20.0240472441
23.2680472441
10.974578125
10.076203125
10.394078125
11.1917874016
48.8027874016
12.401390625
10.138015625
10.160015625
18.581765625
25.6961417323
10.220765625
10.043265625
10.387953125
10.398765625
9.420453125
21.0905354331
16.6118582677
19.2252125984
9.89821259843
9.673890625
35.8641417323
9.823953125
9.793953125
16.942328125
16.517265625
13.947328125
18.9573070866
11.5563070866
34.5711023622
17.7362047244
11.154078125
10.087515625
9.871015625
9.987015625
13.873015625
12.646203125
11.368515625
16.802515625
9.829390625
10.041390625
12.633203125
14.804765625
16.051765625
9.917390625
15.515953125
11.888703125
9.879828125
13.576015625
10.793328125
11.414328125
9.7532992126
44.3802992126
13.847015625
9.720015625
12.740203125
10.523765625
9.445828125
12.334015625
9.37898425197
56.563984252
10.540578125
9.823453125
13.592328125
11.013328125
16.5910708661
27.2516692913
14.092703125
13.135765625
9.919015625
17.6902204724
9.958328125
18.496328125
13.698515625
11.499328125
18.0099055118
12.867140625
12.068390625
12.385390625
11.628265625
13.843890625
19.6058740157
27.4648976378
11.146390625
10.9181023622	88.3871023622
10.101078125
13.538078125
9.738265625
55.5391653543
9.999328125
13.372015625
14.976953125
10.039328125
11.563015625
14.021453125
10.247640625
48.667480315
25.3065984252
10.1325984252
10.182640625
10.456578125
11.662703125
10.3998031496
23.1328031496
10.143203125
11.223578125
32.8091496063
9.544890625
79.0691181102
13.322328125
10.174828125
12.400390625
9.899390625
10.634390625
13.744515625
13.931328125
10.245828125
10.538578125
9.620078125
20.3607716535
16.133765625
10.740265625
9.753265625
10.081078125
13.216765625
34.7635433071
10.526515625
11.472515625
9.583765625
23.6488976378
14.155953125
10.424953125
13.671453125
9.820390625
10.085640625
12.944640625
33.4965826772
9.279078125
12.995140625
10.258140625
9.654203125
12.688015625
10.052765625
10.484515625
10.136703125
11.422203125
15.992453125
10.029015625
9.773765625
24.7247401575
16.184203125
13.302328125
10.644890625
9.524703125
16.271390625
19.550503937
10.855078125
13.268703125
9.912203125
9.835453125
20.5282047244
23.4331496063
14.050140625
11.065140625
12.860203125
11.706203125
10.803703125
21.9648031496
9.618890625
15.384828125
9.949203125
16.1334330709
9.747890625
11.248390625
10.529328125
11.154828125
9.677328125
10.612640625
12.598640625
14.930015625
26.7859685039
15.696953125
13.230015625
11.491515625
17.332953125
20.7537165354
9.888265625
11.950515625	15.242515625
15.223515625
11.854765625
10.959515625
12.432015625
15.844015625
31.1151653543
21.8841732283
18.113890625
9.441140625
24.0802677165
12.034515625
10.107984252
17.099984252
11.026640625
23.6786929134
12.5266929134
9.73208661417
24.3290866142
10.706203125
11.499578125
11.168578125
11.545328125
10.438453125
10.480703125
21.3358897638	14.4088897638
23.921023622
15.176765625
9.777328125
9.466828125
16.694828125
12.340828125	9.825828125
9.565640625
17.228515625
10.759828125
9.477890625
15.474578125
12.107578125
10.821953125	15.158953125
11.146078125
12.758203125
12.290578125
12.947953125
18.6275433071
16.096640625
10.562828125
11.724265625
10.288640625
15.598640625
85.135511811
13.188511811
12.429265625
9.966578125
9.987578125
12.033890625
11.707140625
10.070828125
11.627578125
10.526015625
16.693015625
9.287265625
9.597265625
15.817265625
11.784203125
11.027203125
10.544578125
10.762515625
11.257578125
9.422203125
21.758503937
14.685765625
9.692453125
11.600453125
12.239140625
9.583640625
10.551640625
12.841390625
14.056453125
62.9792913386
10.344265625
9.287328125
13.345390625
13.034203125
15.280203125
26.5905669291
9.766140625
17.922140625
9.862328125
12.020515625
10.060453125
11.799453125
9.271515625
11.835703125
11.601640625
17.665640625
9.904515625	11.125515625
10.040578125
13.466578125
23.936015748
11.008328125
10.901953125
16.951765625
10.270765625
23.296519685
10.019519685
20.1080472441
15.015890625
10.310140625
15.983390625
12.455703125
24.2574645669
11.794265625
9.765453125
10.691265625
16.379265625
11.695265625
12.807578125
10.380203125
9.903578125	13.324578125
13.064765625
11.074578125
18.282265625
10.125515625
22.0000787402
17.606265625
13.910390625
41.7748818898
13.098703125
16.781328125
10.462578125
13.355203125
11.153203125
27.3677637795
17.552828125
33.6066299213
11.355765625
11.106265625
10.085265625
10.792265625
12.853265625
10.135453125
13.130140625
50.7930866142
15.528890625
16.999578125
11.711078125
11.818578125
9.632140625
22.4744724409
10.287140625
9.79707086614
19.0150708661
21.5571181102
9.836265625
14.144828125
10.549765625
13.263703125
9.786140625
20.2264094488
13.016640625
10.966078125
17.607078125
11.997078125
12.894140625
10.165328125
10.766578125
12.384078125
15.964078125
9.669828125
9.913578125
9.789578125
9.727078125
12.122078125
14.192265625
13.247390625
18.387078125
12.940703125
16.293203125
9.432578125
12.308828125
12.462953125
10.091578125
12.401578125
9.398453125
9.591453125
10.862890625
9.725140625
10.046578125
9.810578125
9.413578125
14.9185354331
20.5305354331
20.4548188976
19.257390625
18.0246456693
15.240203125
9.849203125
15.768203125
26.8584094488
10.1244094488
9.437640625
9.541640625
21.4471968504
23.8362992126
18.333015625
9.445640625
15.705703125
10.196640625
12.046640625
12.400703125
9.914578125
11.090078125
9.599390625
12.547828125
16.022078125
9.812640625
10.041640625
11.343515625
10.659328125
12.349328125
25.0291181102
12.956328125
16.517953125
14.420265625
9.597890625
10.068890625
9.961890625
12.096328125
11.325828125
9.614140625
12.367703125
10.226890625
11.979828125
11.5567480315
31.4457480315
10.095328125
14.211265625
10.428640625
10.406078125
10.665078125
12.101890625
15.591390625
22.667480315
14.451328125
10.997390625
12.998390625
11.830453125
28.1522677165
14.572640625
19.3812440945
10.8462440945
9.815453125
10.437453125
19.6115433071
13.164078125
11.1951023622
17.8911023622
10.552328125
51.8519212598
13.245703125
10.000328125
14.731703125
9.505453125
18.401390625
11.714390625
9.485703125
31.5545354331
11.599390625
10.070390625
12.900390625
11.680953125
10.110953125
13.484890625
15.823515625
66.995984252
15.895496063
32.533496063
14.658203125
10.501640625
9.856765625
11.729140625
9.464140625
10.639078125
12.449140625
9.859453125
13.763703125
10.429953125
20.8466929134
21.4127401575
14.902953125
21.9733070866
12.220703125
17.417015625
12.449453125
11.227078125
9.732265625
9.640390625
12.683203125
9.69687401575
19.4458740157
10.411453125
14.562640625
12.468390625
11.444328125
11.644140625
9.437828125
10.300140625
10.416703125
12.082140625
11.565453125	14.170453125
13.842015625
10.776515625
10.939453125
14.765140625
9.796953125
9.484515625
24.6062519685
10.499953125
11.505953125
12.492953125
48.8244566929
34.9326141732
11.248578125
19.0271653543
56.7070393701
27.5440787402
9.706390625
9.907515625
11.100140625
10.120140625
16.420328125
9.529703125
10.4024409449
22.9824409449	11.1374409449
9.880203125
10.925765625
20.0790708661
16.607078125
15.625703125
10.645390625
11.430078125
15.312015625
23.8088976378
9.8598976378
11.951703125
9.798828125
10.773578125
10.630890625
14.583890625
9.751953125
24.6779370079
14.569328125
10.686828125
9.655828125
10.360328125
16.021078125
11.401390625
12.927765625
13.047265625
9.872640625
10.945640625
11.922640625
12.015140625
13.392390625
14.058578125
20.8797007874
15.2752677165
35.7522677165
15.828453125
29.1026299213
12.393203125
9.559390625
13.523765625
18.133828125
15.484703125
11.830765625
15.560640625
11.097078125
9.568140625
12.630140625
14.831890625
17.443140625
11.117703125
9.751703125
9.869578125
10.3328267717
22.4078267717
10.653203125
10.076328125
9.973453125
9.539203125
11.339203125
10.757890625
24.9947244094
9.440765625
14.366953125
10.898203125
9.396078125
13.676078125
9.866765625
14.529203125
14.367953125
13.890703125
30.2115433071
10.3525433071
10.961328125
11.976828125
11.132328125
16.628265625
10.324453125
13.298390625
19.328015748
9.807640625
10.568203125
11.969015625
12.154140625
23.796992126
11.582328125
16.736640625
9.956265625
11.732203125
9.594078125
10.080765625
18.809890625
15.844265625
11.344765625
10.059890625
11.130203125
9.825515625
9.659515625
11.850890625
12.024453125
9.320578125
12.353265625
18.739828125
16.941640625
10.412640625
10.411015625
10.653140625
9.965140625
15.933828125
12.036890625
9.452078125
11.775078125
14.700140625
11.382390625
11.411390625
13.395390625
21.6393858268
15.777328125
14.906578125
12.484703125
13.340640625
13.171828125
12.359140625
12.589828125
11.162140625
37.856015748
13.975578125
13.668203125
19.9900629921
11.943890625
13.982453125
9.257953125
10.449328125
11.669015625
9.831015625
9.490390625
15.371390625
9.232640625
12.625640625
13.407265625
27.8597952756
9.19279527559
18.2968976378
13.355078125
10.922203125
14.747953125
9.670453125
13.990203125
10.531578125
10.148578125
12.026578125
12.369203125
10.154265625
9.281578125
9.644390625
11.232578125
19.614578125
13.981390625
11.675390625
14.192390625
18.3704094488
27.4382519685
24.5008661417
13.385390625
20.6404566929
10.918578125
13.286015625
13.876328125
10.515390625
11.091078125
9.513453125
10.464453125
23.4799527559
9.773015625
10.490765625
15.456265625
9.756765625
15.190765625
10.066515625
19.5192598425
9.617828125
23.1727401575
12.443890625
10.753078125
14.366703125
10.086015625
9.926640625
26.8989133858
16.476265625
17.6302913386
57.1792913386
9.351078125
11.524203125
11.680203125
9.910390625
19.042265625
28.7015590551
19.819640625
10.653640625
11.079390625
10.467140625
10.511953125
9.463515625
21.226976378
10.505203125
16.228203125
12.379703125
11.128203125
15.148203125
13.973453125
11.945828125
9.675078125
12.5924724409
21.6744724409
24.6381259843
18.4291181102
10.698765625
11.629765625
9.518515625
17.8553228346
12.309890625
9.563203125
15.706453125
12.180078125
14.965078125
10.897765625
10.254765625
9.876015625
15.8076377953
24.5836377953
33.9950393701
15.953265625
26.0499055118
11.543828125
13.829140625
11.323828125
9.726703125
11.442328125
10.151328125
16.623578125
11.169203125
9.717203125
18.4001417323
10.367578125
21.2094645669
22.5065984252
13.146078125
9.419703125
10.354703125
9.541015625
13.307890625
10.855328125
14.627328125
10.047828125
16.709515625
11.326078125
10.106328125
9.296890625
9.607765625
10.7787952756
19.2197952756
10.716390625
10.638390625
27.0027244094
9.77372440945
9.772015625
14.900140625
15.758328125
9.595328125
9.596328125
9.619203125
9.834328125
10.412078125
11.168203125
9.618890625
13.617828125
15.195015625
9.477828125
10.646515625
14.742515625
11.394390625
10.025078125
12.680203125
29.4526771654
13.894140625
27.9454015748
16.139640625
10.755640625
11.035078125
16.015453125
9.911765625
12.177078125
11.980015625
11.604828125
10.830140625
15.815765625
9.893765625
13.639515625
12.463828125
10.000703125
9.260703125
10.951703125
19.6926141732
17.232015625
11.987515625
12.224640625
9.755640625
9.456765625
17.236328125
10.919953125
10.212953125
10.599640625
24.0352913386
34.0081417323
19.4493385827
16.559390625
11.387078125
11.276953125
9.625953125
17.384578125
17.310640625
14.322953125
11.739515625
11.574578125
11.358703125
52.0705669291
9.456453125
10.847890625
15.381265625
12.877953125
11.370328125
11.169203125
10.443453125
14.130203125
11.036953125
20.3093700787
9.765328125
9.826578125
11.668765625
15.157578125
14.593265625
13.023765625
9.817703125
9.682578125
14.182578125
11.423578125
10.127015625
13.326203125
12.841578125
12.151578125
11.839015625
9.452703125
11.976328125
12.229890625
11.2760866142
17.6170866142
12.067703125
12.797515625
10.976578125
9.551578125
15.315828125
9.692203125
11.785953125
28.5392913386
9.79717322835
23.0681732283
10.831890625
9.508328125
10.441328125
10.063015625
15.984390625
11.110953125
11.530828125
9.734515625
11.869765625
31.9900629921
11.0800629921
10.972265625
11.361078125
14.516890625
13.925078125
15.006453125
14.138015625
17.8002047244
10.137578125
22.7384094488
23.7170551181
10.096890625
10.468078125
23.1354488189
10.530765625
16.477078125
57.2685511811
25.6525511811
10.6505511811
18.087578125
12.191703125
32.3859685039
17.9749448819
55.5571181102
19.0411181102
13.934453125
9.518890625
52.6377480315
9.773453125
16.179453125
9.856453125
9.542390625
10.625828125
10.349328125
14.779328125
17.716488189
10.309453125
15.302015625
19.6158267717
10.600515625
10.543828125
12.226578125
11.752578125
10.105578125
13.461578125
10.255515625
16.903953125
13.640765625
10.359765625
10.405976378
21.266976378
22.346976378
10.072015625
11.451515625
12.224328125
14.989140625
16.399703125
12.909765625
10.992890625
11.776890625
17.094078125
13.385953125
9.612640625
16.237890625
14.405828125
11.596703125
13.189453125
12.520390625
25.3698425197
11.991765625
9.349390625
11.309453125
15.587953125
14.333078125
38.3145354331
14.291640625
9.471640625
18.9037637795
24.289023622
11.535390625
10.140203125
12.698578125
13.634578125
17.671578125
12.358890625
10.249578125
11.016578125
11.078953125
23.0294330709
10.273953125
10.028890625
11.191640625
10.995640625
12.155578125
15.672828125
42.7086141732
12.229203125
10.249515625
16.015203125
16.492140625
17.2527401575
11.989890625
12.950140625
29.1491811024
28.7247401575
9.709515625
14.100515625
9.815390625
11.070640625
18.8192283465
10.168203125
15.796390625
10.182265625
18.1560472441
13.464140625
10.240203125
24.8814645669
11.408828125
9.796203125
16.825203125
11.478140625
15.715078125
21.494503937
9.394640625
23.7529606299
9.98596062992
19.6873858268
9.890640625
15.982390625
13.956265625
20.4798267717
17.6997952756
13.853953125
10.889078125
22.4051181102
17.248578125
12.135453125
9.310328125
13.601328125
12.672203125
14.532765625
10.383765625
16.778203125
9.843453125
12.664390625
11.294203125
9.540765625
10.329078125
17.241140625	10.660140625
11.811140625
10.075953125
17.9290708661	32.5270708661
11.247765625
10.114328125
10.019640625
14.365765625
10.371078125
15.922203125
12.568703125
21.7633543307
11.445328125
10.543328125
13.424515625
17.6751023622
11.208765625
9.437640625
10.528640625
15.759453125
10.125140625
11.755140625
12.465765625
16.551390625
10.179265625
9.856265625
12.026390625
12.413390625
13.964078125
11.013453125
15.100578125
9.207953125
9.771265625
11.250265625
11.131390625
11.284203125
9.938203125
10.033203125
9.279515625
13.573203125
9.468890625
12.297203125
11.579078125
11.421890625	9.988890625
9.989890625
10.134453125
10.575984252
21.395984252
9.86051968504
24.352519685
9.738578125
10.949578125
11.482578125
10.029640625
11.390953125
86.6128031496
9.972640625
16.531078125
9.240015625
13.482140625
18.900140625
10.920328125
9.937328125
16.729328125
10.657515625
14.846890625
21.0598582677
12.213515625
11.241515625
15.556203125
9.478203125
11.791640625
43.1928976378
11.533578125
9.822265625
15.333265625
9.866515625
14.636453125
9.945453125
10.261015625
11.997390625
16.5743779528
19.7401102362
16.645765625
14.694640625
9.672640625
29.7549133858
24.346976378
10.655765625
19.3917637795
9.72276377953
11.605703125
12.865265625
16.5597007874
10.318890625
13.544515625
11.582140625
15.828453125
10.042703125
13.029265625
9.650390625
12.216078125
16.199828125
10.525453125
11.713890625
12.530765625
14.161765625
11.926765625
19.7037637795
9.808203125
13.013765625
10.935890625
11.483953125
10.643578125
15.278578125
11.887953125
9.789765625
13.077765625
10.611328125
15.855328125
10.565578125
12.240578125
9.305703125
9.438765625
15.440390625
13.629765625
9.591828125
9.964828125
20.8036692913
9.708640625
48.7697795276
12.871328125
11.570328125
19.0925511811
10.209203125
11.226265625
12.585265625
10.127265625
36.0475748031
15.552015625
15.257640625
18.6612440945
14.154265625
11.091640625
12.5830787402
9.84107874016
9.69807874016
42.1440787402
9.53508661417
47.4730866142
10.711953125
9.461203125
14.498078125
10.240140625
15.970515625
10.232765625
10.442265625
25.8113543307
10.3923543307
12.995828125
16.6413385827
18.7170551181
14.061515625
11.659703125
21.2710708661
9.393515625
10.335953125
18.5603307087
10.187578125
9.967390625
14.362328125
10.3011190476
39.5361190476	40.0931190476
9.459140625
16.825515625
10.000515625
24.1634173228
14.4344173228
13.712640625
16.756765625
15.353203125
20.2426614173
13.018203125
31.9002362205
10.297828125
10.023515625
13.747828125
12.7224488189
19.4074488189
10.589453125
61.9130866142	13.5320866142
12.0640866142
13.921890625
10.417953125
10.839390625
10.758828125
9.723578125
16.679390625
18.5413070866
11.815765625
10.572890625
17.734078125
10.046578125
21.2621889764
12.143765625
9.882953125
9.767953125
13.185578125
16.7214645669
10.184390625
9.927765625	10.205765625
10.476890625
16.309890625
11.521015748
20.496015748
9.569828125
10.903640625
15.041078125
9.938453125
18.4491496063
15.615265625
17.018953125
12.220390625
13.633328125
9.89453543307
24.6905354331
12.398015625
10.336265625
12.331953125
21.9947244094
10.027453125
11.206453125
10.070828125
11.525078125
15.601078125
17.7128976378
13.909515625
26.9852755906
18.7910708661
12.675390625
16.940390625
13.999953125
12.210453125
15.5033228346
21.3433228346
11.062828125
13.730828125
66.3724251969
14.505140625
14.937453125
12.513703125
9.315703125
17.7597637795
11.4357637795
10.490453125
12.884078125
15.079765625
13.867515625
17.152328125
12.114203125
12.572953125
14.289453125
10.831640625
14.577453125
9.849453125
10.944328125
10.091390625
10.760703125
9.445703125
24.3366456693
16.111015625
15.444265625
10.596953125
17.816015748
13.153578125
10.793578125
10.507578125
13.162203125
16.495453125
12.336328125
23.4592913386
12.936453125
18.013015625
11.458578125
17.377640625
14.930015625
9.442453125
12.655765625
10.130453125
17.866140625
10.863140625
9.907515625
12.364515625
12.246703125
9.995703125
11.919578125
11.604515625
16.560578125
9.639578125
18.9670708661
11.013640625
9.894265625
11.344265625
11.434453125
15.110640625
9.805640625
11.297265625
11.846828125
16.134828125
11.146828125
9.483328125
9.571265625
16.817265625
17.9228503937
9.960703125
13.537078125
19.579984252
15.301578125
21.6672913386
15.599953125
11.783828125
11.059578125
10.225078125
9.795078125
11.277453125
12.939515625
13.463890625
9.580828125
14.284390625
11.312515625
17.030265625
11.053265625
11.289703125
10.154453125
12.260453125
12.349203125
9.547203125
9.792328125
33.516992126
17.227992126
12.697578125
13.966828125
20.1804251969
37.0663464567
36.4013385827
11.844578125
9.891578125
9.562453125
12.733890625
9.446328125
27.5272598425
9.807265625
10.927703125
14.044578125
11.511015625
14.085703125
11.264203125
12.147390625
13.628515625
13.531390625
17.8243937008
17.3780944882
24.1210866142
18.2122992126
9.828453125
10.297390625
9.645390625
16.145140625
10.783015625
10.252265625
11.144765625
22.6301889764
46.0130551181
11.434828125
30.811984252
11.516140625
14.925890625
9.711453125
9.632578125
12.728328125
15.503328125
11.378765625
9.906890625
17.4121102362
10.7061102362
10.717265625
13.764265625
63.0498425197
9.748203125
52.758503937
9.782515625
13.617703125
9.883140625
13.917953125
10.586953125
11.152078125
10.087640625
9.557640625
13.921453125
17.409203125
12.961203125
11.893828125
10.826265625
11.135390625
10.021828125
10.476890625
14.483890625
10.286703125
28.4683622047
11.123078125
10.210453125
14.421890625
13.157890625
12.773078125
40.4557007874
10.661953125
26.1796062992	22.9406062992
41.6836062992
13.960703125
10.078390625
11.692703125
9.362703125
10.084390625
10.187015625
23.7214015748
9.8104015748
15.018578125
12.105578125
12.117703125
9.695828125
10.200140625
9.32757480315
18.1755748031
15.178078125
19.2127401575
11.655265625
9.904265625
9.831265625
9.58591338583
19.2749133858
15.928328125
22.5962992126
20.1556062992
12.933203125
10.692703125
9.59096062992
21.8249606299
10.919515625
16.223515625
11.466390625
11.111390625
9.724640625
12.715828125
10.671890625
10.006203125
10.906203125
17.741953125
19.3312283465
10.291640625
11.191140625
12.340078125
11.677390625
14.040703125
10.915703125
9.804265625
9.906765625
10.313765625
14.634828125
11.951203125
14.423890625
12.488015625
22.4796377953
9.388453125
12.620453125
15.859640625
20.8001417323
10.290390625
48.5355748031
10.548578125
9.84106299213
20.0220629921
11.998265625
10.344265625
12.428265625
12.396265625
9.726078125
10.440078125
10.928078125
10.148703125
9.632578125
10.235640625
11.186453125
19.161453125
10.739578125
10.402078125
9.691140625
15.615265625
16.070640625
11.842328125
9.620828125
10.117703125
15.949078125
10.590828125
11.438265625
10.023015625
9.864265625
13.224765625
14.406390625
14.559828125
12.544953125
29.8010866142
9.988390625
9.602578125
11.489578125
13.491703125
27.4287401575
11.044515625
10.877390625
10.496390625
9.812203125
14.680203125
15.716578125
15.288578125
12.992515625
10.295265625
30.5374645669
47.0816535433
10.788578125
9.809578125
11.052453125
21.0451181102
22.656519685
11.480203125
9.813203125
25.7801732283
10.869140625
10.895453125
29.2446141732
37.3862204724
25.534
11.203
15.129765625
11.273953125
16.3048976378
72.1626614173
11.492703125
12.112265625
15.484015625
15.884390625
14.725890625
10.815078125
15.833328125
16.584890625
24.198503937
11.246203125
10.909703125
15.858703125
19.0971496063
23.6691181102
9.635453125
20.7333070866
10.591078125
11.161078125
14.630453125
10.136453125
13.123578125
10.196953125
11.210953125
15.607953125
13.940203125
10.786015625
10.002015625
9.662328125
13.067328125
11.784890625
11.424828125
11.790078125
25.9448976378
11.173828125
41.0443622047	22.4853622047
13.979140625
10.791390625
11.125328125
9.978203125
14.597015625
10.666015625
19.5088031496
9.359515625
10.754015625
14.613140625
10.593765625
15.365765625
12.860015625
11.402640625
10.096640625
19.4717637795
9.417703125
14.970515625
9.893578125
13.367703125
9.560515625
20.4648976378
10.121078125
9.704078125
11.340640625
11.169
19.622
9.845765625
28.5268818898
11.4738818898
11.821890625
28.5335590551
10.062203125
9.428265625
9.880640625
29.0992913386
16.241078125
16.061828125
21.6190393701
12.745828125
10.027265625
17.9801732283
18.8893385827
10.864078125
14.655953125
24.5891181102
12.296390625
19.2751023622
18.0656535433
14.712640625
10.060578125
10.625140625
12.019640625
12.641640625
9.386140625
33.3686456693
13.403640625
11.884453125
9.320578125
28.1887401575
9.822328125
16.121328125
9.820328125
11.100140625
9.990203125
9.500140625
16.584140625
11.964140625
11.015328125
12.228578125
15.585640625
13.217328125
9.833328125
14.855328125
10.557015625
14.451140625
9.365015625
11.8275275591
26.1695275591
11.168203125
16.5729291339
13.146078125
34.3044566929
11.315453125
9.907015625
23.2138740157
11.463203125
21.8804566929
29.9872283465
11.847890625
9.643890625
12.395390625
22.7768976378
21.8378110236
28.5481102362
23.2995433071
10.5885433071
14.954828125
10.190453125
19.5542834646
10.506015625
10.583328125
30.1554173228
12.466078125
9.429265625
13.877265625
72.0633228346
11.900390625
13.606765625
17.303078125
21.0611181102
9.537140625
12.633140625
10.773703125
16.361015625
9.444828125
9.814015625
15.786976378
20.9798582677	16.4578582677
10.6358582677
11.723890625
12.835515625
13.884515625
16.857328125
9.887640625
9.970390625
75.4507874016
10.885140625
18.0580314961
10.582390625
12.653890625
15.847890625
13.292140625
10.547515625
12.037078125
12.962203125
13.920453125
12.979640625	14.577640625
15.989078125
10.186078125
16.411703125
10.767640625
11.136578125
11.538765625
9.974703125
15.209015625
10.685203125
10.408953125
18.388765625
14.908203125
9.696015625
10.813015625
15.881328125
9.843765625
10.104765625
11.669640625
9.497640625
13.684453125
31.3553543307
11.163578125
11.697578125
10.567265625
16.185265625
24.7128976378
12.342328125
9.953140625
9.692328125
9.789390625
12.3771811024	23.6131811024
10.575453125
11.449453125
11.083828125
13.349203125
10.806640625
10.176640625
11.870265625
11.842703125
9.443890625
10.976890625
20.2899685039
10.0283385827
29.5853385827
12.982203125
15.489515625
9.351890625
14.662203125
10.437015625
15.848640625
10.703828125
10.258515625
12.067953125
10.916703125
13.398203125
16.628140625
14.639203125
12.959078125
10.247140625
12.341140625
9.808453125
12.736953125
10.402328125
12.540328125
10.980703125
14.274078125
14.395453125
9.921453125	10.299453125
11.140953125
10.231265625
10.161765625
14.666078125
11.121328125
12.418328125
13.580703125
14.960890625
11.175390625
12.276640625
10.051015625
10.996265625	13.501265625
11.442265625
9.87473228346
21.2357322835
9.504953125
11.887953125
9.430078125
9.767328125
13.481765625
10.601140625
10.925515625
14.895515625
21.0360472441
9.598578125
9.542265625
13.035265625
9.883328125
13.721328125
10.342328125
10.358265625
13.127015625
10.411703125
30.6671653543
17.312265625
20.3946614173
11.1296614173
11.873890625
10.823390625
10.549453125
10.765953125
10.8717322835
44.8277322835
10.135078125
10.375515625
9.824328125
15.734328125
9.820828125
19.7023149606
9.923140625
9.546390625
17.731453125
11.359890625
11.612578125
9.61961417323
23.5406141732
9.748890625
12.175140625
16.339765625
11.332640625
13.800390625
27.5276377953
11.263015625
15.623640625
9.645828125
14.370953125
9.6447007874
24.7837007874
11.031015625
18.0495275591
10.724390625
9.820828125
15.046828125
18.7900629921
12.031328125
10.424640625
10.952078125
10.949078125
12.870703125
10.451265625
15.232390625
16.382328125
10.211703125
12.791078125
10.344078125
11.005453125
10.591140625
9.716140625
15.818015625
21.4257165354
10.273203125
9.552890625
10.254140625
15.753078125
12.676015625
12.782015625
20.7458425197
17.8999212598
12.592328125
9.261015625
43.291480315
17.618480315
9.864578125
11.737578125
18.1598267717
11.245515625
13.564765625
20.9884251969
10.121328125
16.217015625
11.254015625
11.086265625
12.413015625
9.676828125
11.691265625
21.3796692913
26.4728346457
10.0878346457
11.124015625
9.347578125
12.278640625
10.777640625
15.315953125
10.199140625
9.675140625
10.698640625
11.700953125
18.372992126
11.443328125	9.802328125
9.520140625
25.0899055118
10.149765625
16.552765625
9.937453125
17.221703125
13.695640625
9.551015625
13.082015625
10.417015625
16.391015625
17.067703125
10.452890625
20.3151023622
9.852390625
9.006390625
16.750390625
17.644390625	11.788390625
15.318765625
14.059203125
9.851828125
17.898765625
9.021703125
9.624953125
14.461453125
10.092328125
11.283890625
10.864578125
10.081265625
15.695265625
10.222265625
10.539390625
10.140328125
15.728328125
13.069265625
10.794203125
11.044015625
12.291078125
11.169953125
16.193953125
9.532953125
17.433828125
40.4887086614
9.64470866142
15.035953125
20.6741574803
11.337203125
11.399453125
13.055953125
9.349203125
11.480078125
20.3445826772
11.854828125
12.375765625
11.505765625
21.8359212598
11.755953125
19.620488189
13.795828125
11.471328125
10.412140625
16.868890625
9.997390625
10.781640625
9.70007874016
31.6400787402
18.8766771654
13.397015625
10.523953125
10.416328125
10.741703125
12.363015625
15.259390625
14.136453125
15.003515625
9.614078125
16.304828125
9.935203125
10.292328125
11.914328125
16.848015748
14.219265625
14.933015625
19.3991968504
23.582503937
10.958503937
77.6456220472
9.829640625
13.084328125
10.6175590551
27.4215590551
11.149765625
9.965640625
10.526515625
10.030828125
10.296578125
11.757140625
9.62842519685
20.9244251969
12.641140625
11.297140625
9.948453125
84.3966771654
23.1386614173
11.653640625
28.1171181102
13.366765625
11.261578125
11.240015625
12.060203125
40.6752913386
11.894265625
10.197328125
11.717703125
9.530765625
9.906515625
12.888703125
11.399203125
14.604140625
13.746328125
11.243890625
20.1544724409
27.9367716535
10.170828125
12.646828125
13.553578125
11.257390625
10.731515625
12.773515625
9.882515625
9.742515625
9.389515625
11.848578125
9.392578125
31.3701574803
9.684515625
13.238140625
24.2519212598
17.569203125
10.158265625
10.724265625
12.799453125
10.763015625
12.324578125
14.621703125
12.463265625
10.752640625
14.035140625
10.939140625
11.027453125
12.810265625
48.2852440945
41.4257165354
9.76271653543
10.117515625
13.127640625
12.696328125
58.1026299213
14.250015625
14.978265625
9.470703125
10.274703125
9.808578125
19.6442362205
88.3056535433
12.2556535433
18.617015625
9.345015625
10.061453125
10.984515625
13.884515625
9.848515625
10.573828125
14.821640625
9.958640625
10.469703125
13.898515625
10.918578125
12.696328125
11.137953125
10.081265625
12.677515625
20.534
9.612515625
22.4984094488
10.842390625
9.673828125
9.298140625
11.799140625
19.6253385827
9.794703125
34.2575905512
11.488640625
15.347015625
12.706015625
59.6275433071
9.79254330709
10.482203125
10.000328125
9.669953125
9.889953125
13.854203125
68.0448661417
15.439078125
10.121953125
12.495140625
9.398578125
32.5632283465
10.8384173228
35.6194173228
9.905140625
12.735640625
26.3854015748
14.091453125
10.076578125
14.716140625
9.874828125
10.708640625
10.310328125
14.224578125
23.4973385827
10.086640625
10.466140625
12.756015625
10.4359055118
10.5259055118	38.4019055118
33.6994173228
11.248265625
9.672640625
10.259515625
13.809390625
14.195390625
17.1844566929
10.138640625
10.6968976378
31.1928976378
11.468390625
18.2442362205
10.880203125
10.389203125
20.533496063
12.405953125
20.7089291339
17.9963622047
9.956078125
15.635890625
10.820453125
33.9011811024
13.651390625
11.503453125
14.523578125
15.542578125
10.698015625
14.602265625
10.335265625
10.761265625
10.519515625
24.9658110236
11.246078125
10.316265625
11.356703125
18.8373070866
9.448515625
13.030828125
18.8262834646
12.429453125
13.779390625
11.126578125
11.326390625
9.864578125
9.429265625
21.613496063
9.963890625
12.238890625
12.726703125
9.669703125
20.2567086614
10.558828125
13.702828125
9.935140625
14.266140625
12.185765625
9.402453125
9.32467716535
51.7406771654
15.313765625
12.153265625
39.9009291339
9.562203125
19.6494645669
36.9063464567
11.072890625
10.407890625
10.552953125
16.633328125
10.500015625
11.758203125
29.8883307087
14.0733307087
12.714703125
12.931453125
9.411078125
11.004015625
27.1318582677
21.638503937
14.601640625
12.647015625
10.164828125
10.754140625
38.3689606299
11.514578125
11.178703125
9.450265625
11.737265625
9.341390625
10.672203125
12.746890625
29.1663149606
12.336453125
9.460515625
12.179453125
10.720765625
12.880453125
19.255828125
10.273953125
15.730703125
21.5200787402
10.055015625
31.6744724409
9.816390625
24.4990393701
10.993953125
10.177578125
10.146078125
19.280519685
15.677390625
10.413578125
14.782953125
11.153953125
22.4417165354
14.379765625
23.5906929134
12.116765625
13.102328125
24.015511811
18.9286456693
14.411453125
18.5098110236
29.8080787402
16.286453125
9.451203125
17.680203125
10.527203125
10.855453125
16.198453125
34.6151968504
18.2712598425
10.461265625
10.252640625
11.484390625
10.032265625
12.867578125
16.629828125
11.352328125
23.8775590551
12.609703125
20.7101889764
10.491703125
10.999703125
10.158265625
14.857265625
13.620265625
14.267390625
10.719578125
12.384578125
37.0977165354
15.662453125
15.691015625
9.781578125
10.898765625
13.383515625
15.992515625
22.7013070866
13.882328125
12.082828125
17.308828125
19.0488346457
15.003765625
25.2328976378
9.873015625
13.857328125
16.398453125
11.263015625
14.625953125
10.481765625
14.012640625
18.0143149606
11.4743149606
51.2643937008
14.935703125
9.982015625
17.7622834646
39.6655905512
13.557640625
11.197015625
9.467328125
14.432328125
12.030828125
16.468265625
10.274140625
11.546390625
17.243703125
11.626328125
11.106328125
13.584015625
12.521078125
9.828140625
10.829765625
9.982203125
16.269765625
11.461890625
12.645328125
14.037203125
11.381765625
16.404390625
10.689765625
9.929265625
9.321328125
12.639578125
21.3173070866
9.138890625
12.358890625
10.185890625
15.195640625
13.437640625
17.3223464567
9.984890625
9.957890625
10.530203125
10.795828125
9.664390625
40.718503937
10.357265625
11.741703125
10.375078125
13.531078125
91.6168976378
12.523015625
10.479828125
13.662140625
9.906015625
29.1356377953
11.263828125
10.681390625
9.862265625
11.016265625
10.976890625
9.531078125
10.455078125
9.521265625
9.853265625
12.626265625
12.511953125
11.205515625
15.474578125
10.640890625
10.215703125
11.144078125
29.5428188976
10.090703125
10.091140625
9.989203125
10.228578125
10.523578125
14.307578125
9.423578125
10.859453125
9.998453125
18.8587874016
10.046453125
9.861328125
12.185578125
9.654078125
10.248078125
9.806640625
15.498953125
39.6809606299
13.418890625
34.3937165354
9.800765625
10.223453125
9.411703125
9.901703125
10.894390625
17.215511811
18.9117244094	37.7627244094
12.298578125
10.612640625
10.973640625
12.954390625
11.775703125
11.177703125
9.545453125
15.701578125
11.153140625
21.1791023622
10.249578125
24.2184094488
13.686078125
16.717328125
14.478578125
32.5113858268
11.911140625
9.622828125
13.273015625
10.483890625
13.858890625
28.7792913386
10.203515625
12.897015625
11.355015625
11.404203125
10.508765625
12.040703125
9.955703125
15.418828125
15.607078125
11.459015625
9.968890625
10.278203125
15.542578125
17.3746299213
9.409140625
10.457328125
10.138703125
12.827703125
11.263328125
19.1081102362
9.858328125
10.909203125
9.954828125
12.764015625
9.823953125
9.469703125
11.104828125
9.985078125
10.917328125
22.6643937008
12.2593937008
11.029140625
14.2950472441
22.0120472441
12.537015625
14.426640625
22.0394488189
39.3302204724
15.2468346457
21.7208346457
12.331453125
24.8155748031
10.685578125
11.311515625
9.248578125
10.990578125
11.838515625
14.306640625
24.1088031496
10.7498031496
9.966640625
9.496703125
17.2899055118
9.552328125
67.9918267717
10.991765625
11.598453125
16.855453125
10.099390625
9.644390625	13.788390625
9.578265625
17.669265625
14.693890625
10.182890625
24.4908503937
9.287640625
42.2032913386
11.104203125
21.9767086614
18.2477637795
10.862640625
26.3310393701
9.788640625
9.95803937008
29.8110393701
9.57703937008
13.794265625
11.519265625
13.755640625
18.680015625
12.685953125
12.236640625
26.9355748031
19.408015748	10.140015748
10.649453125
9.587578125
12.706078125
20.0271653543
20.7623464567
15.331015625
12.049578125
10.867578125
31.6272913386
10.709453125
13.945015625
11.592328125
20.7433858268
13.998078125
11.503515625
9.884328125
9.734703125
9.928265625
10.146265625
9.597265625
30.4662204724
19.6089606299
11.430015625
11.118765625
26.4625669291
10.599265625
14.169578125
10.411453125
15.153203125
14.988015625
27.5711653543
11.879703125
23.1245511811
32.6583464567
10.870640625
22.1506299213
9.870953125
10.137953125
24.5937165354
9.723953125
11.634828125
12.164828125
9.427328125
19.4701889764
10.030828125
12.438828125
10.482828125
12.531890625
10.666703125
55.8381889764
11.304828125
13.147078125
16.089703125
10.462265625
9.843765625
18.9087401575
10.781953125
11.871953125
49.7697165354
9.521328125
12.318890625
15.113515625
11.302828125
10.729640625
11.814140625
9.743140625
10.563015625
10.562765625
10.034203125
15.490828125
9.896828125
16.554453125
17.939140625
9.729140625
18.8976535433
12.461265625
25.5677007874
18.090078125
9.964078125
15.937203125
12.849203125
9.787453125
10.347953125
9.976140625
16.216140625
11.293578125
10.940765625
9.702078125
12.349640625
12.440078125
11.668765625
9.739578125
10.059828125
10.118828125
13.034453125
10.366765625
10.400765625
12.218828125
18.495828125
43.2421574803
11.903890625
12.300140625
9.64997637795
10.279976378
26.618976378
10.6950787402
22.2160787402
10.679453125
12.584515625
10.768515625
12.999765625
10.232328125
11.402328125
13.106328125
16.335515625
10.277203125
10.425203125
9.814828125
27.2680472441
9.781765625
10.179265625
13.859703125
10.598953125
24.5806771654
11.190078125
13.117515625
14.973515625
11.203640625
9.506703125
9.745703125
10.405953125
10.024703125
12.205703125
19.557453125
11.888015625
11.374765625
16.146203125
19.9605826772
10.828453125
11.608890625
10.109890625
11.898390625
14.979890625
25.2992913386
18.3871574803	26.7941574803
17.404265625
10.820640625
10.259828125
13.972390625
9.609890625
42.0174645669
11.754828125	15.833828125
16.658828125
18.4176535433
10.680203125
13.393828125
20.5246141732
9.972265625
9.689203125
11.499765625
12.265953125
26.0332755906
12.140140625
13.119203125
40.8489606299
12.495390625
12.690765625
10.856703125
10.920078125
60.9872283465
9.836453125
13.888453125
15.279890625
10.359890625
12.8496929134
20.8146929134
17.003890625
15.121453125
9.874578125
13.638578125
20.332992126
13.945390625
9.700515625
10.560515625
10.711203125
11.202140625
10.250140625
13.839578125
11.211578125
10.023140625
12.933140625
11.504828125
14.167015625
18.0861259843
14.836953125
12.135390625
11.803328125
28.0347244094
10.545328125
12.247390625
11.147078125
9.761078125
11.670328125
11.587953125
9.880515625
10.054828125
12.493890625
10.383140625
10.784765625
15.939078125
11.037140625
45.1147874016
10.280765625
12.642890625
10.488140625
24.1107559055
12.437515625
13.359515625
9.834515625
9.655765625
18.302328125
17.0470708661
11.734390625
12.747828125
10.018203125
10.429203125
10.168890625
9.721890625
14.905578125
9.390765625
11.219265625
10.922265625
10.212890625
11.719140625
10.262578125
10.126578125
17.0830393701
13.334140625
11.451328125
11.718265625
61.3828188976
11.019515625
12.269515625
10.753765625
14.282890625
9.849703125
9.476890625
25.1963622047
13.452765625
13.911765625
11.053265625
16.830703125
23.6745354331
10.6225354331
9.883140625
9.324140625
11.019140625
38.2756062992
13.972515625
9.842203125
20.5415590551
27.6694330709
45.9107559055
13.112890625
13.455703125
9.690765625
9.651765625
14.568015625
14.622390625
10.075015625
10.266015625
11.308578125
10.822578125
10.997828125
14.214828125
9.543578125
16.264640625
15.806640625
11.586328125
10.515203125
12.281640625
12.310640625
28.8466929134
9.74269291339
14.801140625
13.052078125
10.060515625
14.708578125
11.112890625
10.776078125
16.878265625
13.363578125
10.5005984252
24.3545984252
21.3591968504
10.974953125
12.802703125
10.054265625
20.8001417323
9.41814173228
9.67914173228
12.349578125
9.750515625
9.448515625
10.575078125
10.620953125
14.223953125
29.3149133858
14.457265625
15.331765625
10.865203125
15.090140625
14.677515625
10.685515625
10.0972677165
43.6322677165
12.492828125
15.669953125
12.087953125
29.8206771654
11.696328125
12.919890625
12.984140625
10.747328125
12.019828125
11.665390625
10.275703125
9.634765625
11.721515625
10.021515625
11.955765625
13.310140625
16.9901889764
10.886953125
10.611953125
10.147015625
10.244828125
14.338828125
15.050203125
9.737578125
10.526515625
24.4608661417
12.029890625
10.861015625
11.9073543307
30.3233543307
16.5160472441
10.196265625
10.471328125
11.573953125
9.22834645669
19.2343464567
9.634140625
13.259328125
12.652578125
10.5279133858
44.1229133858
10.636703125
9.862703125
10.669890625
17.7349448819
10.583953125
10.364140625
23.9019370079
11.472265625
9.911703125
17.199203125
13.748203125
11.666328125
10.919515625
9.835953125
22.4441102362
16.834328125
9.70467716535
23.9486771654
9.99567716535	28.8366771654
13.877703125
9.818703125
10.195328125
12.044953125
9.812828125
10.374765625
10.682640625
11.706203125
22.999007874
10.314765625
9.815390625
12.383828125
11.130828125
10.500515625
11.079828125
18.435984252
10.874578125
9.868203125
11.609703125
10.202703125
15.430203125
21.9271338583
9.568890625
12.586890625
10.042953125
9.217328125
13.869828125
10.569828125
19.2404566929
12.439515625
66.1395433071
10.927765625
12.3275669291
23.1505669291
13.012328125	13.990328125
21.5717322835
38.6751023622
12.932390625
11.197015625
18.9978740157
10.331453125
10.515203125
16.705023622
14.429265625
9.449078125
12.945078125
9.683703125
10.039203125	9.823203125
14.349203125
12.456328125
12.624578125
9.853515625
11.012015625
14.781578125
11.276578125
45.9737480315
15.474390625
19.1702834646
9.668578125
10.198578125
9.873578125
15.012578125
23.2517322835
12.450078125
11.395578125
10.633578125
10.851890625
9.904078125
10.255765625
12.562078125
20.9062834646
10.336078125
15.644078125
9.990828125
10.789390625
11.139015625
16.650015625
16.4068188976
17.778390625
11.579765625
15.521578125
9.620140625
18.5413700787
13.008453125
16.016640625
13.093078125
15.940765625
15.584578125
11.787703125
10.640390625
10.671390625
11.511703125
23.7194488189
13.558203125
20.1197007874
10.867578125
12.996015625
10.079390625
15.044015625
9.795453125
18.6836062992
10.047390625
20.2624409449
11.432640625
11.191015625
11.732328125
15.171453125
12.707890625
14.768015748
11.423515625
12.247328125
21.6277322835
26.6512913386
9.092015625
10.982765625
10.215765625
9.756265625
12.835515625
32.8904724409
19.6054724409
10.211453125
27.3991968504
9.56419685039
9.905828125
10.869828125
9.586890625
9.656390625
14.749015625
9.406640625
10.886953125
11.887640625
9.978515625
15.881015625
19.4364251969
21.052992126
13.636078125
10.519265625
11.830390625
12.376515625
10.710515625
15.182265625
9.585953125
10.337890625
11.802765625
11.005140625
25.9271968504
9.77219685039
10.471390625
9.747390625
10.162078125
48.7843307087
17.827640625
14.488390625
15.817390625
10.103890625
10.638765625
9.456390625
21.640390625
10.249953125
64.6696850394
11.427328125
9.615765625
10.267890625
12.013265625
12.469265625
14.881453125
14.166640625
43.7976220472
18.4153228346
10.553265625
13.167328125
11.396828125
15.851078125
17.505890625
28.239511811
10.554453125
10.766140625
10.451140625
13.612890625
10.696890625
9.600140625
9.703828125
11.077828125
17.496390625
17.310578125
10.617578125
12.803578125
28.8351653543
32.668992126
9.631390625
9.650390625
9.418890625
11.284890625
9.84613385827
18.4871338583
18.5437007874
11.729140625
14.494140625	10.525140625
11.937265625
9.677328125
34.8096535433
10.122328125
10.920328125
12.562640625
16.168953125
16.293953125
9.62358267717
20.8725826772
10.307890625
17.095515625
13.077078125
12.818515625
15.054203125
15.582640625
11.323265625
12.175890625
16.899703125
11.523828125
10.003328125
11.469265625
10.481265625
9.182890625
14.477828125
10.529703125
14.702640625
13.895828125
9.781578125
9.829828125
11.404828125
19.2832913386
11.272765625
18.7712283465
9.802578125
12.214578125
10.973265625
23.0468188976
14.004265625
14.914078125
48.800519685
10.575453125
11.138015625
17.125515625
21.2815905512
10.080078125
17.480328125
13.368765625
10.366140625
10.870515625
17.779453125
14.645390625
18.202140625
11.285015625
11.173640625
20.9428818898
10.284390625	12.998390625
9.882328125
27.6515433071
9.760703125
22.6690551181
36.3315433071
10.1135433071
9.060765625
10.298828125
17.298828125
10.813015625
10.726328125
11.650140625
9.601265625
14.297203125
61.460488189
15.859140625
13.982203125
11.640390625
9.988015625
13.042015625
16.664140625
9.860140625
11.133578125
20.9717952756
9.37579527559
12.801765625
10.226578125
13.205703125
10.353828125
15.112328125
11.670140625
9.669703125
11.024140625
9.761703125
10.816703125
20.4306929134
12.239578125
10.492265625
9.700765625
15.989140625
11.162640625
9.650078125
12.884078125
10.994203125
11.784203125
10.316390625
15.203390625
69.8612440945
15.994765625
18.3362047244
10.934890625
24.9697795276
9.74977952756
14.4657401575
33.7007401575
11.031578125
26.6531181102
13.4161181102
32.032015748
17.248578125
14.789453125
11.322890625
10.358890625
26.4019685039
15.921390625
10.161890625
14.202640625
23.8192283465
60.8740944882
10.427640625
9.846703125
9.468703125
10.597515625
19.2869448819
20.9720472441
13.132390625
24.0679212598
14.892265625
9.943890625
9.913828125
71.7539055118
12.198953125
20.4468188976
11.980765625
11.343515625
13.153640625
9.793203125
16.546453125
13.989140625
10.3348661417
78.2608661417
25.4179685039
10.6703307087
26.1443307087
15.569265625
9.764203125
10.283203125
49.032015748
11.173453125
9.655828125
10.965703125
13.539328125
11.045453125
11.319203125
11.208765625
9.791640625
10.348640625
11.609703125
9.559640625
11.729640625
12.224390625
9.844078125
12.894078125
9.738015625
12.765640625
10.355328125
10.530578125
11.130578125
11.477078125
12.735328125
10.690765625
11.768765625
14.964265625
9.786453125
12.952890625
10.757328125
11.413578125
12.021265625
29.7185669291
16.801640625
11.008140625
10.933140625
15.263265625
10.883328125
17.575515625
9.646390625
17.081390625
9.955140625
10.680015625
19.631015625
13.987640625
25.6199212598
13.5239212598
11.4549212598
14.1663937008
54.9043937008
42.0007086614
9.922703125
12.177390625
10.667390625
10.149703125
11.441640625
14.962640625
9.382953125
9.808328125	10.861328125
12.315078125
10.343078125
15.141640625
9.554203125
10.531765625
11.415078125
9.719265625
11.333265625
15.064265625
11.190140625
11.816515625
14.499515625
37.548488189
21.2020944882
11.173890625
13.232453125
14.680015625
17.8757322835
9.706078125
9.656765625
10.520765625
12.304765625
12.746078125
9.633078125
12.890953125
10.541703125
14.611703125
11.235640625
30.6575905512
11.9605905512
15.975140625
15.447890625
12.213515625
9.258140625
13.739140625
12.982890625
10.209015625
12.418765625
13.161078125
10.305078125
20.9044566929
10.536390625
10.847578125
9.867703125
10.326703125
9.990265625
15.505703125
17.4650866142
14.169203125
14.636640625
11.705390625
11.447265625
15.7947874016
15.167515625
12.397015625
9.950078125
10.314015625
9.379015625
9.680015625
9.926015625
9.661015625
10.456578125
11.213828125
10.299640625
10.285953125
9.429640625
13.977578125
10.271578125
41.3523307087
13.088203125
15.5982283465	27.3632283465
38.8584094488
11.161453125
17.286765625
13.103515625
10.512015625
9.966515625
9.456390625
16.404328125
14.358328125
12.421890625
11.147453125
12.698453125
10.563515625
12.608953125
13.637515625
14.228140625
10.421640625
12.087703125
9.970703125
14.857203125
11.264140625
32.6223779528
13.112265625
9.939015625
17.332890625
10.648203125
15.391265625
12.217328125
14.692640625
13.596640625
19.5629133858
26.5059685039
10.574515625
18.721953125
9.249953125
24.3671338583
19.2122992126
10.029328125
20.1737480315
10.4857480315
10.623140625
10.244953125
11.781578125
13.631765625
23.7658110236
26.0682362205	19.3042362205
11.3272362205
23.344519685
10.549453125
24.0315748031
10.249765625
10.369765625
12.117328125
11.443140625
15.853140625
10.781328125
11.365328125
11.6475669291
23.9185669291
10.084828125
11.765328125
12.498578125
10.094765625
9.805203125
13.091515625
13.6818661417
47.5488661417
14.635203125
12.794703125
11.069828125
9.247015625
28.4412755906
9.578265625
10.325515625
19.4181574803
9.814515625
17.786453125
13.755203125
10.461453125
9.901015625
12.835703125
13.248078125
11.937078125
14.352078125
10.484390625
9.866140625
14.675640625
12.449578125
15.172828125
10.513515625
9.732453125
12.619453125
10.125515625
10.508078125
13.838515625
10.981265625
9.374515625
9.487515625
10.844515625
9.712515625
9.43550393701
22.798503937
13.271578125
10.191328125
9.731265625
12.225890625
10.206953125
11.825015625
10.511015625
9.824203125
10.679515625
22.1043307087
10.907203125
11.945703125
74.5052125984
9.716390625
15.232390625
14.091453125
9.833578125
11.442953125
17.9410551181
10.841828125
19.039007874
15.683515625
11.528890625
10.890203125
13.840203125
52.1080472441
10.7070472441
11.212890625
10.822265625
11.412140625
25.9329291339
27.609023622
12.289453125
11.474640625
10.725140625
11.015953125
10.255640625
10.335453125
10.542828125
12.043265625
10.338265625
10.059578125
32.4867559055
9.693890625
13.834578125
10.114828125
10.262328125
13.812515625
16.890203125
15.641578125
10.027078125
11.303265625
11.477078125
12.348640625
16.176640625
12.916015625
22.5885511811
22.3540944882
15.666640625
15.029828125
20.9501259843
10.033828125
18.753023622
11.031765625
15.001953125
10.606328125
9.890890625
10.289390625
9.569265625
11.216578125
13.357953125
12.946953125
12.116703125
9.949328125
17.126765625
9.709015625
14.632453125
10.490265625
15.984140625
25.3726771654
16.067328125
10.6820708661
19.3590708661	10.0160708661
10.742515625
25.186976378
15.271828125
9.836265625
11.109078125
9.746078125
12.450078125
17.296390625
29.3741259843
10.903578125
10.744203125
12.973953125
15.349203125
16.060140625
9.423828125
16.183703125
17.788640625
11.146265625
10.497390625
10.431328125
11.816765625
17.8105984252
9.929703125
72.6898425197
10.109078125
16.150078125
18.6781259843
14.690390625
9.888890625
9.693890625
10.107765625
10.567703125
11.754953125
14.382953125
19.2202362205
14.398765625
11.128890625
12.831640625
15.533578125
9.916640625
10.690453125
52.7136535433
11.247390625
11.796828125
14.449203125
9.685578125
87.419984252
11.615765625
17.000328125
10.079828125
14.559828125
30.643480315
10.568453125
10.623578125
14.151953125
17.476953125
10.474578125
17.107390625
9.203140625
10.600140625
10.940453125
14.465640625
11.285328125
15.781015625
19.1335590551
9.799453125
10.351328125
13.612703125
15.291015625
10.737515625
13.023828125
18.004203125
13.410765625
15.461015625
24.1743385827
44.4973385827
16.479453125
9.808453125
9.662328125
10.267953125
28.3105669291
17.2865669291
11.976890625
11.841890625
12.861953125
27.064015748
10.226140625
12.565203125
17.833265625
20.9299685039
15.781578125
12.403203125
16.101265625
12.761328125
14.130953125
10.076640625
27.3481102362	11.6851102362
14.568703125
10.718328125
9.964078125
11.802015625
17.519890625
9.649953125
11.727078125
47.2944409449	10.8924409449
16.942203125
18.0419685039
16.172203125
9.946953125
13.615828125
30.2567716535
12.379265625
11.755890625
16.705765625
10.285765625
11.376953125
11.268953125
10.533265625
10.054015625
9.262640625
14.781640625
9.510953125
10.190765625
13.758765625
10.843890625
10.005828125
17.489515625
15.543953125
9.669265625
11.938265625
10.763703125
9.461328125
13.956328125
12.885703125
13.241078125
29.0521732283
16.3791732283
19.6171496063
10.882578125
11.011953125
10.097953125
30.0925511811
43.7736220472
15.049515625
9.970765625
9.971890625
10.826265625
10.394265625
9.461078125
10.312078125
10.595078125
12.425078125
12.094078125
10.348890625
10.155140625
10.869765625
10.664703125
9.997765625
11.544703125
9.02033070866
18.7843307087
10.386328125
15.599578125
11.960453125
9.717140625
82.588488189
11.371953125
9.553265625
17.778640625
18.3434488189
10.255765625
10.436078125
10.318078125
14.287328125
11.700765625
10.456078125
9.761015625
10.439515625
9.450953125
14.943828125
16.2161417323
10.380203125
10.207015625
15.170765625
10.509828125
14.109515625
24.3018740157
10.5978740157
12.005203125
9.668265625
9.82679527559
19.0117952756
14.658640625	13.419640625
9.448640625
12.469453125
14.797203125
10.194890625
20.2391968504
12.767265625
10.154890625
15.441390625
10.440640625
33.4626299213
10.967328125
19.1061574803
11.0611574803
13.703203125
10.564203125
10.450203125
21.659984252
14.630828125
15.736953125
9.528640625
9.588640625
11.867203125
11.442703125
14.796640625
11.510453125
10.429703125
12.687640625
15.523578125
12.922390625
16.421390625
10.734453125
9.865265625
11.651203125
10.436015625
17.500265625
9.692265625	10.533265625
10.522015625
22.4946299213
12.757515625
10.175515625
30.3586299213
11.324515625
9.612515625
12.536390625
10.7201811024
35.2371811024
13.461453125
54.7490551181
10.200953125
11.114953125
17.921203125
22.206
11.106703125
58.0827874016
11.110890625
9.961890625
15.589453125
21.8253385827
10.2903385827
10.109765625
72.7640472441
14.293203125
25.8260944882
10.431328125
10.282265625
18.2473228346
10.396515625
13.934515625
11.867515625
17.068703125
14.203078125
9.755453125
13.854453125	10.036453125
10.517265625
43.1852755906
10.500015625
10.539015625
9.811078125
10.971640625
10.852203125
10.182578125
9.853578125
28.9847716535
9.812640625
13.234015625
9.620953125
20.8509133858
14.5229133858
13.496015625
9.497828125
13.349390625
15.896140625
11.080140625
13.839703125
10.979640625
13.171390625
11.345765625
29.4257165354
10.919203125
29.8253385827
15.322015625
66.8568346457
28.7397322835
14.880140625
9.784140625
11.974953125
25.6701259843
11.6386141732
10.9446141732
34.2526141732
10.412203125
17.029453125
23.1747559055
26.0750393701
20.3969291339
16.877578125
16.492890625
12.552953125
12.961078125
10.624515625
15.030578125
14.359453125
17.272390625
9.607390625	12.718390625
15.982328125
9.879828125
16.840765625
10.044203125
10.127015625
14.914390625
10.255640625
12.168765625
10.346015625
18.144078125
9.670265625
14.680515625
19.2343464567
12.118015625
9.730203125
10.321078125
11.635765625
14.575765625
16.813015625
15.921703125
10.154828125
9.310328125
13.675328125
10.342015625
11.154078125
11.674453125
10.927953125
9.886953125
9.853515625
11.254703125
12.284703125
17.982765625
12.344078125
9.633078125
12.379140625
9.693453125
11.564453125
25.0686771654
11.156015625
39.5214645669
10.439765625
19.7465984252
10.5425984252
23.3828818898
10.623203125
15.625140625
10.231265625
10.586015625
17.633328125
13.408203125
11.278890625
12.263703125
11.086703125
9.982015625
13.308140625
10.492140625
22.9757007874
11.615140625
11.548640625
13.912640625
11.855765625
15.669515625
9.534515625
10.180390625
16.047015625
11.263390625
11.382328125
15.980203125
10.528953125
14.462953125
9.797828125
16.043890625
10.167203125
10.880640625
16.202640625
10.565078125
10.260203125
9.976890625
14.489828125
49.4535590551
10.988265625
55.4185984252
10.3595984252
10.885953125
18.8678582677
9.641640625
10.721640625
13.509828125
13.768953125
12.788828125
10.235390625
11.561078125
9.905765625
19.7144724409
13.892578125
11.324078125
14.750328125
15.216828125
10.714828125
11.236765625
10.795765625
26.9014330709
11.287453125
9.625328125
10.623515625
19.8876377953
10.2996377953
13.863015625
9.262765625
10.847078125
12.117515625
12.864578125
10.205765625
12.663078125
10.036453125
9.909453125
20.3991968504
19.2857480315
14.578453125
12.599828125
9.307890625
11.919703125
10.800328125
14.622015625
20.1657480315
10.398953125
13.794515625
14.540328125
13.344265625
10.9601653543
19.2031653543
13.898765625
11.754765625
14.059578125
9.857203125
66.606
10.327640625
12.542578125
9.425640625
9.864265625
14.318703125
17.669828125
11.781578125
12.842328125
9.703140625
10.510953125
10.046453125
13.770515625
14.680203125
13.495140625
9.927078125
17.6654645669
9.531515625
15.202703125
11.055328125
10.302078125
10.452078125
14.824515625
11.645828125
11.172640625
16.793078125
10.230078125
11.658203125
12.604765625
13.777453125
14.692390625
14.826703125
16.726703125
10.261703125
9.23713385827
22.8631338583
12.880453125
9.894515625
27.1009291339
10.0769291339
16.075953125
10.550078125
14.159890625
10.034140625
15.153140625
11.692703125
12.076703125
15.513890625
10.193328125
9.553640625
10.160015625
12.929703125
9.818515625
22.1534645669
9.826140625
9.826140625
11.618453125
10.045265625
13.301640625
9.558328125
10.047390625
10.582390625
10.983328125
10.107390625
10.395390625
