# Signal je Kanal
-1.070598
-0.661269
-0.463987
-0.286260
-0.575180
-0.201332
-0.389407
-0.324025
-0.070518
-0.228700
-0.149378
-0.182839
0.055763
-0.365010
-0.189718
-0.124506
0.152265
-0.140102
0.027973
-0.308399
0.041347
-0.024299
-0.005876
-0.090915
-0.188481
0.224853
0.009375
0.002575
0.025172
0.126687
0.068648
-0.060714
-0.004550
-0.033685
-0.261734
-0.316009
0.102581
0.163466
-0.187133
0.151313
0.052593
0.168769
0.037211
-0.108886
-0.175740
0.004525
-0.037700
-0.015305
-0.020670
0.123260
0.133816
-0.279792
0.147897
0.154791
0.053569
-0.189027
0.140490
0.077912
-0.040294
-0.076082
0.075882
0.110504
-0.022828
-0.098131
-0.099893
-0.111170
-0.048105
-0.059496
0.353676
-0.077057
0.189599
0.080399
0.312750
0.394789
0.598932
0.638271
0.181315
0.575973
0.213366
-0.070435
0.308242
0.091064
-0.040015
3.859936
0.420794
0.083862
-0.018993
-0.230304
0.009941
-0.110097
0.164772
-0.031156
0.124146
-0.221718
-0.120399
0.058585
-0.020422
0.223049
0.133565
0.180921
-0.005875
-0.221894
-0.002645
-0.019808
0.182546
-0.216735
-0.232150
-0.315244
-0.012217
-0.120960
0.042872
-0.009696
0.144990
-0.089346
-0.143093
-0.080001
0.229553
-0.060761
0.205379
-0.374089
-0.110191
0.039591
0.000963
0.119738
-0.163995
0.087576
-0.248621
-1.028729
