# Signal je Kanal
-0.293434
-0.436596
-0.508122
-0.366329
-0.718193
-0.330146
-0.523260
-0.351149
-0.504086
-0.443483
-0.409182
-0.244664
-0.255678
-0.399049
-0.359486
-0.353990
-0.144153
-0.371744
-0.187589
-0.317306
-0.300290
-0.291861
-0.093490
-0.305421
-0.310302
-0.146390
-0.300184
-0.090096
-0.219319
-0.230681
-0.158973
-0.132295
-0.067151
-0.173258
-0.326511
-0.032915
-0.033876
-0.065071
-0.361925
-0.011127
-0.034986
-0.081567
-0.166303
-0.110714
-0.246529
-0.040101
-0.216291
-0.175923
-0.048159
-0.055999
0.014343
-0.304522
-0.118553
-0.048659
-0.051923
-0.198804
-0.150013
-0.039601
0.039918
-0.111789
-0.000737
-0.036997
-0.073350
0.009164
0.027352
-0.019948
0.069416
-0.202987
0.150447
-0.173634
0.119325
0.186926
0.071473
0.102653
0.334778
0.151392
0.263852
0.163004
0.155910
0.297797
0.443881
0.733875
7.774426
172.278617
5.282483
0.813101
0.447507
0.233899
0.205366
-0.216701
0.370053
-0.079740
0.068636
0.151366
0.039938
0.164881
-0.052150
-0.045317
-0.187891
0.164213
-0.322297
-0.084714
-0.178314
-0.376328
-0.019012
-0.133594
-0.271887
-0.065348
-0.124912
-0.175729
-0.242649
-0.069422
-0.224261
-0.098032
-0.088926
-0.115671
-0.154768
-0.171357
-0.304800
-0.352999
-0.176849
-0.230786
-0.051736
-0.187689
-0.326520
-0.023015
-0.037621
0.016544
