# Signal je Kanal
-0.668564
-0.599024
-0.642656
-0.381935
-0.588021
-0.287793
-0.189389
-0.426688
-0.339062
-0.295386
-0.285915
-0.126453
-0.021676
-0.376790
-0.087355
0.051808
0.148729
-0.104770
0.073352
-0.055272
-0.037120
-0.053830
0.064593
0.029506
-0.148206
0.202377
-0.039125
0.013093
0.098578
0.092234
-0.078770
-0.064240
-0.069926
0.001787
0.107226
-0.128468
0.010290
-0.002724
-0.171847
0.061153
0.184176
0.231392
0.051644
0.079477
0.036403
0.236937
0.010662
0.061164
0.005972
0.129928
0.263329
-0.080446
0.295336
0.189538
0.130145
-0.010595
0.140062
0.204466
-0.062720
0.148320
0.140509
0.246927
-0.000192
0.307234
-0.000374
0.116226
0.247516
0.019049
0.357522
0.103265
0.222402
0.307095
0.313595
0.205699
0.538023
0.423284
0.414031
0.278168
0.343161
0.100328
-0.016244
-1.462935
-3.269083
109.261083
0.993358
-0.143428
0.264853
0.314119
0.406470
0.011291
0.111814
0.195114
0.217875
0.197678
0.016220
0.238172
0.152054
0.079834
0.067194
0.069742
0.070551
0.203305
-0.151032
-0.143244
-0.048469
-0.116331
-0.308669
-0.096965
0.050222
-0.025731
0.006323
-0.012198
0.008730
0.106962
-0.022716
0.270220
0.094181
-0.091244
0.047890
-0.175810
0.093147
0.023998
0.045453
0.028246
-0.106772
0.186095
-0.052395
0.059763
