# Signal je Kanal
-0.013463
-0.420355
-0.656848
-0.404037
-0.673176
-0.331839
-0.554212
-0.519715
-0.407103
-0.378394
-0.496963
-0.234415
-0.250572
-0.456907
-0.366275
-0.240031
-0.194986
-0.351656
-0.214559
-0.355148
-0.349058
-0.374722
-0.213222
-0.176452
-0.287093
-0.195270
-0.148043
-0.084901
-0.212189
-0.206604
-0.163813
-0.147219
-0.197942
-0.178082
-0.305473
-0.131756
-0.109771
0.022978
-0.323655
0.015982
-0.115795
-0.009571
-0.164241
-0.190335
-0.261384
-0.162915
-0.169237
-0.266798
-0.007188
-0.041021
-0.010422
-0.298439
-0.217213
0.098233
-0.056788
-0.172517
-0.177825
-0.054410
0.077059
-0.010756
-0.042454
-0.142746
0.010645
-0.019675
0.117305
-0.062707
0.287063
-0.076062
0.205537
-0.108525
0.177348
0.220055
0.108634
0.047656
0.344019
0.242459
0.235990
0.102084
0.269009
0.258070
0.535010
0.595635
7.682390
172.134603
5.129849
0.646444
0.606536
0.277007
0.182388
-0.162680
0.251470
-0.089726
0.107868
-0.057346
0.055924
-0.035833
-0.070868
-0.104230
-0.068892
0.050647
-0.034510
-0.108608
-0.119252
-0.227431
-0.120611
-0.223471
-0.202950
-0.137094
-0.184787
-0.157575
-0.280462
-0.029256
-0.059364
-0.180880
-0.101741
-0.125508
-0.162680
-0.158313
-0.156913
-0.229847
-0.183764
-0.198820
-0.158371
-0.301466
-0.167726
-0.084761
-0.196240
0.085603
