# Signal je Kanal
-0.152552
-0.442338
-0.481012
-0.388834
-0.600186
-0.271843
-0.464074
-0.525536
-0.499935
-0.406202
-0.338045
-0.327264
-0.229365
-0.487683
-0.317142
-0.407674
-0.200861
-0.330500
-0.288386
-0.263009
-0.339840
-0.310644
-0.083172
-0.229357
-0.267987
-0.209048
-0.322946
-0.110865
-0.146034
-0.215553
-0.238675
-0.128156
-0.219792
-0.181039
-0.258291
-0.099705
-0.205464
-0.090731
-0.324679
0.008029
-0.061777
-0.060285
-0.123108
-0.133383
-0.248294
-0.130746
-0.259133
-0.144745
0.099863
0.043171
-0.062303
-0.255340
-0.145148
0.006514
-0.167583
-0.081593
-0.129554
0.004642
0.046207
-0.215452
0.026488
-0.035576
-0.123091
-0.030444
0.059633
-0.084691
0.240285
-0.093968
0.157705
-0.122411
0.245369
0.171085
0.138745
0.052889
0.371918
0.191518
0.258154
0.233241
0.181123
0.113180
0.370069
0.725571
7.450034
172.472546
5.150678
0.670059
0.613366
0.296966
0.147717
-0.112630
0.153520
-0.213200
0.138766
0.105695
0.163974
0.070085
-0.136774
-0.039003
-0.176551
0.091657
-0.251264
-0.051546
-0.188029
-0.184286
-0.034609
-0.184345
-0.252744
-0.215932
-0.093710
-0.198496
-0.175448
-0.110994
-0.099098
-0.125844
-0.111668
0.050349
-0.311310
-0.197228
-0.184690
-0.135946
-0.231508
-0.326641
-0.039460
-0.289368
-0.193500
-0.042628
-0.026350
0.199572
