# Signal je Kanal
-0.314214
-0.412560
-0.486200
-0.484266
-0.566508
-0.352275
-0.525492
-0.497080
-0.546279
-0.382551
-0.269382
-0.360750
-0.096988
-0.554011
-0.380650
-0.115409
-0.171296
-0.351005
-0.214676
-0.415366
-0.515188
-0.300084
-0.096748
-0.256618
-0.269368
-0.101700
-0.287314
-0.223076
-0.202680
-0.231793
-0.190145
-0.201465
-0.169234
-0.132525
-0.230778
-0.025047
-0.080117
-0.033196
-0.324941
-0.102202
-0.060033
-0.036760
-0.213293
-0.157668
-0.301601
-0.053210
-0.249364
-0.209955
0.079588
-0.039352
0.043258
-0.273662
-0.093642
0.016155
-0.150005
-0.158884
-0.173137
-0.020596
-0.145073
-0.085955
-0.062742
-0.048130
-0.104607
0.086930
0.030345
-0.061006
0.173092
-0.144145
0.101224
-0.007030
0.216973
0.277724
0.079373
0.059494
0.263922
0.149343
0.214869
0.189914
0.221822
0.255836
0.274022
0.651398
7.208102
172.146975
5.108335
0.725178
0.487327
0.334712
0.237195
-0.244775
0.360061
-0.216744
0.118542
0.091355
0.112773
0.062948
-0.002217
-0.030439
-0.124165
0.018560
-0.019724
-0.086744
-0.144275
-0.196619
0.067954
-0.193627
-0.134114
-0.206314
-0.196968
-0.109875
-0.083827
-0.021324
-0.096697
-0.354853
-0.065859
0.009145
-0.154888
-0.057650
-0.050146
-0.190032
-0.231869
-0.172067
-0.241626
-0.211932
-0.227862
-0.041087
-0.018681
0.120578
