# Signal je Kanal
-0.137910
-0.345176
-0.593760
-0.360816
-0.769963
-0.474664
-0.504069
-0.491657
-0.624850
-0.464163
-0.460796
-0.359315
-0.240466
-0.472722
-0.352176
-0.213990
-0.131969
-0.435396
-0.174451
-0.375973
-0.269023
-0.290705
-0.184130
-0.102518
-0.360978
-0.095309
-0.363756
-0.167728
-0.213091
-0.162616
-0.266527
-0.217048
-0.204767
-0.196052
-0.144363
-0.042597
-0.177548
-0.177590
-0.391545
0.016173
-0.131755
-0.099235
-0.143087
-0.274139
-0.245162
-0.023840
-0.137063
-0.198642
0.191916
-0.012832
0.071628
-0.149388
-0.077234
0.017647
-0.073619
-0.199413
-0.215523
0.030641
-0.007648
-0.125443
-0.120347
-0.074669
-0.071072
0.105414
0.187636
-0.073582
0.158745
0.069090
0.109741
-0.010413
0.147486
0.093278
0.071842
0.115803
0.348177
0.116660
0.212266
0.085381
0.234382
0.258177
0.424230
0.665894
7.131657
171.692254
5.095794
0.589799
0.729567
0.222266
0.115686
-0.092599
0.320633
-0.239371
0.240851
0.078745
0.205315
-0.044444
-0.057629
-0.025049
-0.176502
0.098884
-0.175095
-0.008391
-0.102918
-0.173073
0.041325
-0.241129
-0.144796
-0.186778
-0.158458
-0.205314
-0.127290
-0.056037
-0.109091
-0.125676
-0.082544
-0.072201
-0.045615
-0.103118
-0.244569
-0.076791
-0.262475
-0.172634
-0.178319
-0.295369
-0.108433
-0.063682
-0.049259
0.078186
