# Signal je Kanal
-0.102202
-0.313549
-0.625837
-0.353938
-0.700125
-0.327998
-0.499225
-0.522704
-0.609908
-0.420444
-0.452908
-0.375357
-0.248563
-0.542724
-0.342358
-0.297028
-0.241007
-0.311782
-0.349290
-0.364128
-0.404090
-0.395700
-0.154276
-0.337394
-0.393003
-0.205323
-0.227080
-0.195936
-0.224199
-0.315503
-0.232709
-0.213135
-0.139988
-0.252012
-0.233514
-0.036874
-0.131737
-0.119830
-0.338903
0.002921
-0.255861
0.005466
-0.201197
-0.140485
-0.213395
-0.116893
-0.184299
-0.243753
0.074879
0.049910
0.027394
-0.187605
-0.078504
-0.003499
-0.037963
-0.118711
-0.091950
-0.040561
-0.043825
-0.132659
-0.148449
-0.080865
-0.014419
0.025335
0.094489
-0.097631
0.334343
-0.009017
0.098512
-0.011732
0.122296
0.169126
0.128635
0.011762
0.271047
0.145442
0.259928
0.195019
0.314020
0.218023
0.381119
0.681818
7.121314
171.427480
4.952511
0.720557
0.585578
0.300002
0.128452
-0.207720
0.294392
-0.145790
0.098757
0.041519
0.316691
0.145016
0.033035
-0.068197
-0.099783
0.158483
-0.111387
-0.005693
-0.096235
-0.140395
-0.085769
-0.140401
-0.281757
-0.128019
-0.109840
-0.160455
-0.054805
-0.109180
-0.057459
-0.089094
-0.112809
0.085393
-0.165751
-0.121309
-0.120930
-0.126998
-0.158698
-0.159861
-0.184422
-0.244646
-0.104809
-0.132674
-0.162279
0.299515
