# Signal je Kanal
-0.149396
-0.332618
-0.525019
-0.494003
-0.609448
-0.384064
-0.511392
-0.517767
-0.527149
-0.293663
-0.414107
-0.378473
-0.193827
-0.479879
-0.412440
-0.184384
-0.174137
-0.403794
-0.181589
-0.364245
-0.382114
-0.350848
-0.252308
-0.157738
-0.258305
-0.169483
-0.276223
-0.166930
-0.369238
-0.127873
-0.341685
-0.181310
-0.139067
-0.228248
-0.302604
-0.036905
-0.170764
-0.148871
-0.235031
-0.058074
-0.028944
-0.024703
-0.043459
-0.120570
-0.276471
-0.083012
-0.165373
-0.134945
0.067610
-0.064193
0.061319
-0.152808
-0.070587
-0.064622
-0.067945
-0.116882
-0.230873
0.104262
-0.173705
-0.172682
-0.052575
-0.082924
-0.150358
-0.043761
0.078372
-0.075810
0.128204
-0.023319
0.005590
-0.192699
0.111213
0.231851
0.099451
0.079623
0.364916
0.294182
0.297878
0.264863
0.173977
0.306901
0.456952
0.604700
7.075060
171.036454
4.938974
0.667507
0.536315
0.290825
0.191381
-0.101906
0.194528
-0.063787
0.100654
0.096530
0.114822
0.077147
-0.067012
-0.031326
-0.277796
0.187494
-0.152635
-0.004780
-0.061348
-0.277511
0.003122
-0.158512
-0.156082
-0.250958
-0.225713
-0.193648
-0.115796
0.071569
-0.218455
-0.062055
0.022069
-0.054726
-0.115840
-0.175402
-0.070234
-0.048352
-0.088973
-0.160024
-0.121551
-0.291623
-0.220849
-0.081862
-0.120371
0.167507
