# Signal je Kanal
-0.112523
-0.270035
-0.559503
-0.435469
-0.747635
-0.326493
-0.522782
-0.429394
-0.533416
-0.424837
-0.460518
-0.432778
-0.268118
-0.442344
-0.414814
-0.233591
-0.205527
-0.405143
-0.334833
-0.304712
-0.450464
-0.323329
-0.234815
-0.301835
-0.276634
-0.179892
-0.257460
-0.149312
-0.246723
-0.186161
-0.302099
-0.183693
-0.212494
-0.235616
-0.250006
-0.079332
-0.073307
-0.124177
-0.506092
0.009516
-0.098326
0.024949
-0.175695
-0.098042
-0.235896
-0.083504
-0.344517
-0.052489
0.053295
0.041346
0.065919
-0.164161
-0.121006
-0.061848
-0.069319
-0.025318
-0.067434
0.087893
-0.041170
-0.171951
-0.077961
-0.113369
-0.118676
0.001795
0.057113
-0.023275
0.235944
-0.116469
0.126155
-0.093104
0.287724
0.049696
0.174043
0.117160
0.301619
0.198998
0.329448
0.153543
0.289605
0.329469
0.338792
0.572224
6.982690
170.905071
4.882508
0.666971
0.545095
0.357431
0.293885
-0.116208
0.392841
-0.033198
0.086337
0.035013
0.047535
0.036617
-0.011456
-0.052734
-0.068256
0.196002
-0.053816
-0.127052
-0.041679
-0.151858
0.019634
-0.142987
-0.194345
-0.144506
-0.155213
-0.198994
-0.231089
-0.010679
-0.007871
-0.154416
-0.122170
-0.065096
-0.110224
-0.176758
-0.149377
-0.116531
-0.218221
-0.305217
-0.102047
-0.181217
-0.239042
-0.086289
-0.164855
0.336037
