# Signal je Kanal
0.109070
-0.370735
-0.452205
-0.577042
-0.668285
-0.298234
-0.438402
-0.487014
-0.473284
-0.416594
-0.500082
-0.338595
-0.214706
-0.529984
-0.356625
-0.270126
-0.234058
-0.253933
-0.186709
-0.398245
-0.472149
-0.405844
-0.243232
-0.364515
-0.345342
-0.203359
-0.337206
-0.213028
-0.221429
-0.309682
-0.214913
-0.140334
-0.191167
-0.098383
-0.272653
-0.036988
-0.079923
-0.296831
-0.411984
0.031759
0.018898
0.035240
-0.149445
-0.132684
-0.295571
-0.241934
-0.141466
-0.223022
0.157494
-0.042198
-0.072552
-0.236769
-0.130506
-0.029746
-0.108933
-0.126873
-0.178028
0.053204
-0.065114
-0.083906
-0.049778
-0.052078
-0.079561
-0.054724
0.144240
-0.091962
0.226172
-0.078212
0.107378
-0.133655
0.173124
0.243653
0.104540
0.102638
0.343738
0.200259
0.268811
0.199954
0.145847
0.145855
0.350988
0.731132
6.809912
170.457227
4.900359
0.665272
0.497265
0.410604
0.169176
-0.202809
0.265147
-0.137783
0.091544
0.137428
0.182634
0.090752
0.090656
0.011596
-0.021078
0.094362
-0.059583
-0.014784
-0.099328
-0.179685
0.077936
-0.125656
-0.077217
-0.212230
-0.111030
-0.127800
-0.124832
-0.173264
-0.028657
-0.108192
-0.084047
0.003132
-0.205866
-0.100607
-0.098139
-0.032305
-0.231894
-0.248908
-0.184609
-0.278785
-0.033938
-0.062938
-0.061482
0.158228
