# Signal je Kanal
0.090022
-0.372078
-0.490621
-0.562485
-0.667896
-0.345640
-0.516958
-0.481502
-0.534774
-0.377161
-0.486540
-0.415139
-0.394183
-0.605392
-0.444969
-0.298580
-0.336645
-0.362423
-0.389041
-0.258026
-0.402663
-0.231509
-0.130159
-0.202133
-0.374735
-0.178029
-0.320664
-0.035653
-0.381784
-0.159336
-0.356363
-0.231825
-0.196638
-0.178889
-0.215190
-0.054574
-0.145553
-0.146558
-0.315545
-0.011695
-0.040579
-0.042172
-0.247692
-0.191132
-0.188120
-0.064622
-0.207821
-0.290296
0.064266
-0.118588
-0.026128
-0.266227
-0.012301
0.059734
-0.022476
-0.114347
-0.068617
0.076829
0.009530
-0.104332
-0.101135
-0.079643
0.004101
-0.002323
0.042754
0.071480
0.303523
0.054169
0.071957
-0.117250
0.110625
0.356254
0.184925
0.099019
0.226522
0.298704
0.214424
0.207420
0.285322
0.308407
0.401348
0.607093
6.893809
170.298492
4.854037
0.689862
0.546911
0.280444
0.177827
-0.165303
0.325890
-0.056346
0.103204
0.141773
0.115375
0.056414
0.022510
-0.025944
-0.135351
0.148906
0.044829
-0.017296
-0.166587
-0.248937
-0.063283
-0.204010
-0.242307
-0.115768
-0.114332
-0.108150
-0.301099
-0.105845
-0.046935
-0.190516
-0.101334
-0.062112
-0.194315
-0.065932
-0.171366
-0.223546
-0.142571
-0.138469
-0.125229
-0.164275
-0.227229
-0.002551
-0.068998
0.361068
