# Signal je Kanal
-0.091727
-0.392786
-0.533240
-0.373493
-0.681476
-0.324397
-0.551606
-0.507175
-0.593377
-0.481666
-0.372261
-0.404814
-0.268846
-0.494271
-0.377747
-0.120461
-0.271319
-0.416013
-0.303746
-0.449509
-0.326636
-0.290169
-0.279536
-0.200898
-0.313461
-0.157702
-0.241497
-0.139342
-0.234607
-0.181073
-0.309001
-0.153659
-0.152407
-0.221466
-0.281781
-0.176010
-0.254978
-0.207033
-0.413068
-0.042432
-0.138112
-0.023911
-0.059742
-0.200788
-0.264789
-0.089270
-0.162661
-0.138228
0.148405
0.038469
0.024133
-0.293888
-0.230654
-0.024849
0.006630
-0.117094
-0.189189
0.044089
0.001683
-0.150929
-0.065875
-0.210059
0.084124
0.030991
-0.082716
-0.040138
0.107077
-0.094441
0.127168
-0.105872
0.074095
0.257664
0.175131
0.061346
0.345613
0.221001
0.270604
0.205697
0.154811
0.348566
0.326661
0.673297
6.885431
170.121985
4.803683
0.734101
0.598041
0.386578
0.181171
-0.133155
0.407054
-0.087153
0.165387
-0.017667
0.137620
-0.046083
0.102617
-0.114480
-0.057204
0.080204
-0.117620
-0.069969
0.021351
-0.230630
0.052908
-0.133848
-0.039313
-0.197404
-0.089173
-0.048978
-0.187817
-0.117446
0.011191
-0.143483
-0.072066
0.035057
-0.165043
-0.048667
0.005693
-0.178311
-0.285084
-0.110267
-0.190923
-0.169021
-0.169054
-0.090123
-0.070653
0.315211
