# Signal je Kanal
-0.616991
-0.430919
-0.623329
-0.257914
-0.611860
-0.162718
-0.322960
-0.293591
-0.427683
-0.260134
-0.436639
-0.150259
0.005550
-0.376577
-0.132181
-0.032916
-0.059806
-0.169376
-0.255979
-0.146008
-0.149982
-0.212565
0.045780
-0.161258
-0.166896
0.083742
-0.234766
-0.134550
0.041885
-0.163381
-0.211336
-0.089874
-0.038755
-0.081785
-0.134183
-0.060351
0.065490
-0.032683
-0.264516
-0.007546
-0.065319
0.135788
-0.059891
-0.102075
-0.207054
0.012227
-0.234694
-0.150442
0.072346
0.250042
0.103725
-0.104254
0.080785
-0.006127
0.045420
-0.039353
0.104300
0.075918
0.006545
-0.090201
-0.024117
0.192322
0.055964
0.173494
0.104997
-0.075347
0.096927
-0.087595
0.251837
0.019664
0.244668
0.195479
0.239879
0.177061
0.177648
0.219840
0.335380
0.344356
0.143533
0.217374
0.308543
-0.439723
2.957748
141.641563
3.033033
0.202360
0.410026
0.215612
0.332738
-0.116342
0.155997
0.192434
0.054258
0.159988
0.076538
-0.070244
-0.049351
0.105129
-0.007364
0.066081
-0.214775
-0.062118
-0.150645
-0.222834
0.046711
-0.157969
-0.195313
-0.169651
-0.155234
-0.194064
-0.119140
0.020052
0.086970
-0.115477
-0.124245
-0.101026
0.014514
-0.183788
-0.040522
-0.200344
-0.019562
-0.179487
-0.044225
-0.096373
-0.115127
0.084468
-0.087892
-0.051597
