# Signal je Kanal
-0.427489
-0.470998
-0.547481
-0.517514
-0.524927
-0.311590
-0.356000
-0.519451
-0.370813
-0.366065
-0.432529
-0.255190
-0.121385
-0.441517
-0.306015
-0.082052
-0.082797
-0.242426
-0.146237
-0.284781
-0.347699
-0.198531
-0.069991
-0.088243
-0.311722
0.017755
-0.237796
-0.132497
-0.103941
-0.094403
-0.217401
-0.020978
-0.032837
-0.080915
-0.210140
0.008471
0.037345
-0.134423
-0.335406
0.029346
-0.035477
0.044737
-0.085885
-0.198027
-0.228033
-0.039657
-0.137955
-0.147414
0.114199
0.194136
0.038753
-0.123300
-0.085111
-0.022122
0.033326
-0.155239
-0.162432
0.000897
-0.076308
-0.111358
-0.064048
-0.017499
0.058871
0.033611
0.003966
-0.055407
0.269721
-0.003741
0.198893
-0.042310
0.286651
0.264291
0.112992
0.202938
0.213593
0.265739
0.251406
0.249437
0.117547
0.231281
0.406417
0.085699
4.887411
154.731441
4.182087
0.599920
0.597907
0.298368
0.251751
-0.079337
0.117876
-0.001495
0.066246
0.088980
0.128420
0.033584
-0.128546
-0.002860
-0.146427
-0.092810
-0.106122
-0.051213
-0.213718
-0.244864
-0.128274
-0.144089
-0.145585
-0.222649
-0.176243
-0.192184
-0.175182
-0.153760
0.011928
-0.063594
-0.147297
-0.074053
-0.074550
-0.075040
-0.057638
-0.257438
-0.093535
-0.015776
-0.120052
-0.103424
-0.055393
-0.070404
-0.157834
-0.049605
