# Signal je Kanal
-0.474152
-0.496599
-0.527338
-0.394333
-0.519826
-0.320508
-0.365755
-0.473188
-0.490543
-0.402811
-0.376432
-0.232969
-0.061181
-0.460208
-0.394686
-0.087577
-0.030505
-0.266232
-0.217776
-0.257646
-0.331369
-0.248186
0.086027
-0.194734
-0.339511
0.038124
-0.249550
-0.140270
-0.168668
-0.127042
-0.166204
-0.020792
-0.125454
-0.083652
-0.250710
-0.021167
-0.008306
-0.079289
-0.397135
0.005654
-0.050256
0.016002
-0.163552
-0.142947
-0.271710
-0.027287
-0.190505
-0.246093
0.020661
0.055494
0.104097
-0.254787
-0.002850
-0.042814
0.013715
-0.105131
-0.158247
-0.053746
-0.165996
-0.152951
-0.106876
-0.066214
-0.110632
0.128927
0.056318
-0.094081
0.229955
-0.056250
0.134185
0.024011
0.186929
0.095657
0.260054
0.235244
0.229829
0.228976
0.262625
0.283530
0.091902
0.184748
0.467686
0.386614
6.455800
160.567100
4.723766
0.670045
0.453443
0.227640
0.073173
-0.125994
0.154283
-0.055192
0.044646
0.184134
0.014851
-0.122099
-0.132188
0.014412
-0.119179
0.033347
-0.082794
-0.003941
-0.101469
-0.357464
-0.036014
-0.150863
-0.233114
-0.204362
-0.232975
-0.167939
-0.192840
-0.052530
-0.141653
-0.186195
-0.215923
-0.104869
-0.175907
-0.206539
-0.143337
-0.195165
-0.146238
-0.109253
-0.078956
-0.243015
-0.133954
0.013766
0.004257
-0.177323
