# Signal je Kanal
-0.342012
-0.379167
-0.587524
-0.428517
-0.627733
-0.171667
-0.503499
-0.419374
-0.455489
-0.376865
-0.466364
-0.161005
-0.175045
-0.522247
-0.266746
-0.174421
-0.131320
-0.299065
-0.308635
-0.329450
-0.329336
-0.307087
-0.086748
-0.155838
-0.244590
-0.076660
-0.109562
-0.097329
-0.131590
-0.157953
-0.227152
-0.124732
-0.119522
-0.074660
-0.316590
-0.096375
-0.098225
-0.162228
-0.192317
0.000507
-0.090097
-0.051796
-0.186531
-0.063869
-0.262634
-0.141109
-0.201543
-0.277998
-0.038663
0.021474
0.084112
-0.198971
-0.008669
-0.148733
-0.001263
-0.007237
-0.167079
0.012165
-0.063351
-0.142884
0.012069
-0.037118
-0.026842
0.001060
-0.117893
-0.022160
-0.030892
-0.116437
0.179191
-0.033015
0.202791
0.261508
0.146213
-0.013614
0.298753
0.259056
0.196696
0.103706
0.164741
0.299279
0.461055
0.542132
7.594064
165.407632
5.229961
0.611174
0.620615
0.284478
0.085255
-0.169044
0.250781
-0.162847
0.172298
0.003237
-0.034486
-0.046089
-0.030277
-0.139526
-0.193058
0.062092
-0.197630
-0.133796
-0.257558
-0.363625
0.005657
-0.275810
-0.304404
-0.205468
-0.276919
-0.184939
-0.190905
-0.112623
-0.091782
-0.159186
-0.140136
-0.085743
-0.158981
-0.182748
-0.188196
-0.147509
-0.180045
-0.183179
-0.026981
-0.158972
-0.268015
-0.043124
-0.100838
-0.086629
