# Signal je Kanal
-0.401942
-0.470262
-0.589874
-0.373025
-0.645331
-0.256116
-0.559250
-0.480867
-0.488173
-0.513197
-0.430949
-0.242589
-0.063867
-0.461832
-0.315488
-0.115298
-0.194053
-0.227822
-0.316399
-0.175317
-0.372138
-0.301772
-0.135430
-0.182494
-0.332169
-0.103474
-0.149271
-0.205789
-0.188331
-0.178745
-0.317728
-0.141335
-0.006159
-0.257059
-0.181630
0.045149
-0.177690
0.023052
-0.419748
-0.144933
-0.035979
-0.063538
-0.172185
-0.211583
-0.295469
-0.119989
-0.187290
-0.174939
0.061819
-0.068080
-0.075411
-0.176555
-0.203398
0.046411
-0.162806
-0.243568
-0.194760
-0.017582
-0.047858
-0.065765
-0.101404
-0.127852
-0.019327
0.079294
0.053495
-0.150788
-0.028336
-0.075100
0.205492
-0.181594
0.243285
0.137032
0.127556
0.178456
0.268004
0.112528
0.269887
0.133103
0.099175
0.369961
0.416175
0.815547
8.574389
168.423139
5.725564
0.863376
0.584509
0.339892
-0.022556
-0.227641
0.179649
-0.158723
0.119751
0.032536
-0.063750
0.054139
0.078006
-0.173202
-0.109662
0.087625
-0.211383
-0.108560
-0.221154
-0.312305
-0.011832
-0.227481
-0.328753
-0.274000
-0.223756
-0.160575
-0.211579
-0.136128
-0.187312
-0.230858
-0.052795
0.013335
-0.174708
-0.272127
-0.248864
-0.271924
-0.209776
-0.134875
-0.189433
-0.200789
-0.309622
-0.073883
-0.152415
-0.127058
