# Signal je Kanal
-0.177737
-0.473771
-0.553332
-0.287476
-0.611633
-0.334299
-0.469730
-0.419255
-0.471449
-0.476810
-0.375427
-0.251857
-0.171917
-0.433248
-0.333734
-0.236353
-0.206415
-0.392921
-0.181978
-0.326400
-0.424403
-0.314155
-0.089772
-0.266766
-0.268577
-0.147722
-0.233375
-0.251221
-0.161674
-0.174035
-0.200245
-0.114646
-0.115289
-0.086734
-0.292729
-0.126997
-0.094244
-0.121070
-0.463121
-0.081444
-0.303930
-0.007962
-0.187581
-0.171879
-0.233822
-0.081353
-0.286483
-0.218121
0.102425
0.035435
-0.069900
-0.261831
-0.168834
0.010138
-0.165219
-0.155149
-0.214194
-0.132739
-0.076150
-0.174893
-0.096891
-0.102255
-0.123591
0.047958
0.035181
0.010713
0.288686
-0.012462
0.039352
-0.151009
0.088100
0.273499
0.159187
0.048470
0.245709
0.137040
0.150771
0.123714
0.212622
0.204816
0.408713
0.803323
8.948726
170.569805
5.707389
0.790175
0.634094
0.294667
0.087996
-0.262017
0.208064
-0.289900
0.044501
-0.040711
-0.014413
-0.024122
-0.031177
-0.078667
-0.123132
-0.001653
-0.158778
-0.123945
-0.225487
-0.248736
-0.125002
-0.130893
-0.198357
-0.129548
-0.262035
-0.076010
-0.316824
-0.124562
-0.192704
-0.289221
-0.226906
0.018070
-0.240995
-0.149789
-0.177331
-0.203376
-0.097258
-0.193155
-0.111958
-0.289897
-0.296017
-0.012242
-0.113752
0.031239
