# Signal je Kanal
-0.185508
-0.312234
-0.523346
-0.362424
-0.731553
-0.349340
-0.523616
-0.509118
-0.583030
-0.290821
-0.363268
-0.319840
-0.259820
-0.429265
-0.405647
-0.293416
-0.174211
-0.318019
-0.226699
-0.295674
-0.409115
-0.261041
-0.193649
-0.180871
-0.342470
-0.165486
-0.315245
-0.083291
-0.226506
-0.247766
-0.272896
-0.211579
-0.121392
-0.106601
-0.325886
0.009395
-0.062106
-0.065096
-0.358104
-0.052287
-0.171085
-0.049798
-0.115554
-0.309749
-0.358688
-0.149271
-0.249481
-0.303986
0.061274
-0.041407
0.053076
-0.169137
-0.156605
0.001145
-0.102176
-0.105254
-0.096087
-0.099787
-0.082247
-0.183006
0.027052
-0.105124
-0.005823
0.092626
0.031921
-0.168179
0.278566
-0.130439
0.157272
-0.152014
0.228795
0.179426
0.110311
-0.059316
0.230944
0.221371
0.150572
0.176993
0.183655
0.326144
0.531372
0.697594
8.508442
171.256445
5.564117
0.783292
0.595419
0.256025
-0.039954
-0.172100
0.381765
-0.204968
0.090349
-0.001115
0.195211
0.038709
0.015567
-0.157302
0.018859
0.100228
-0.223618
-0.062230
-0.238366
-0.299503
-0.082960
-0.266856
-0.209359
-0.224604
-0.260935
-0.164992
-0.215781
-0.068602
-0.144530
-0.164315
-0.122211
-0.081035
-0.175766
-0.086751
-0.207956
-0.242549
-0.195171
-0.151133
-0.096893
-0.357619
-0.282995
-0.131072
-0.208863
0.063196
