# Signal je Kanal
-0.255757
-0.384353
-0.538838
-0.462081
-0.545312
-0.239074
-0.473275
-0.456809
-0.504054
-0.443298
-0.365083
-0.248623
-0.207802
-0.482932
-0.225562
-0.201162
-0.230124
-0.323716
-0.266556
-0.311089
-0.237211
-0.251738
-0.151296
-0.149493
-0.376102
-0.189346
-0.240130
-0.162730
-0.211408
-0.178602
-0.256817
-0.220221
-0.133052
-0.183150
-0.362284
0.037148
-0.074822
-0.047904
-0.389681
0.058958
0.023147
-0.005533
-0.243191
-0.139482
-0.336203
-0.046923
-0.280101
-0.145899
-0.023038
-0.016154
-0.048463
-0.145627
-0.105297
0.090480
-0.038796
-0.080685
-0.119753
-0.010358
-0.139620
-0.064633
0.000422
-0.131768
-0.032249
0.079255
-0.072313
-0.067577
0.225490
-0.067868
0.158509
-0.188498
0.144320
0.231170
0.154658
0.029818
0.338984
0.106666
0.258018
0.206115
0.233197
0.242126
0.499017
0.755572
8.011393
171.856803
5.445189
0.791410
0.438661
0.276036
0.234460
-0.181626
0.297531
-0.195483
0.131807
0.124642
0.064097
0.075190
-0.042812
-0.049140
-0.128742
0.018797
-0.189082
-0.066502
-0.227021
-0.250262
0.062169
-0.186404
-0.286772
-0.193916
-0.189589
-0.367257
-0.276544
-0.195052
-0.087260
-0.186873
-0.193579
-0.119459
-0.198648
-0.204119
-0.338683
-0.213907
-0.149729
-0.299643
-0.156440
-0.274467
-0.410411
-0.073700
-0.269104
-0.110721
