1D 32 -4,000000 252,000000	[nbin xmin xmax]
"X"	"Function_0"
0,000000	74,721719
8,000000	77,646641
16,000000	81,939453
24,000000	86,417734
32,000000	89,666641
40,000000	93,914766
48,000000	96,946719
56,000000	98,421562
64,000000	99,419922
72,000000	96,589453
80,000000	87,020703
88,000000	68,770000
96,000000	39,058125
104,000000	8,296562
112,000000	1,821534
120,000000	1,477536
128,000000	1,575950
136,000000	1,440596
144,000000	1,660034
152,000000	1,581119
160,000000	1,619662
168,000000	1,483048
176,000000	1,342636
184,000000	1,524381
192,000000	1,540334
200,000000	1,579246
208,000000	1,331741
216,000000	1,668495
224,000000	1,556056
232,000000	1,426846
240,000000	1,476207
248,000000	1,500224
