# Anzahl der Hits pro Kanal (0 bis 127)
2045.000000
3085.000000
3516.000000
3640.000000
3496.000000
3527.000000
3372.000000
3386.000000
3368.000000
3508.000000
3663.000000
3766.000000
3883.000000
4052.000000
4255.000000
4312.000000
4510.000000
4794.000000
4941.000000
5213.000000
5502.000000
5676.000000
5964.000000
6158.000000
6425.000000
6882.000000
7125.000000
7398.000000
7620.000000
7915.000000
8407.000000
8848.000000
8943.000000
9141.000000
9337.000000
9764.000000
10295.000000
10800.000000
11091.000000
11417.000000
11559.000000
12112.000000
12281.000000
12523.000000
13056.000000
13793.000000
13722.000000
14086.000000
13424.000000
14650.000000
14753.000000
15083.000000
15540.000000
15532.000000
16035.000000
16200.000000
16290.000000
16745.000000
15838.000000
16978.000000
17283.000000
17576.000000
17565.000000
17700.000000
16867.000000
17852.000000
17264.000000
18229.000000
18092.000000
18367.000000
18269.000000
18622.000000
18685.000000
18628.000000
18503.000000
18378.000000
18462.000000
18624.000000
18520.000000
18274.000000
18412.000000
18387.000000
17904.000000
18127.000000
18079.000000
17893.000000
17088.000000
18005.000000
17898.000000
17703.000000
17596.000000
17236.000000
16945.000000
16798.000000
15411.000000
16186.000000
16299.000000
16067.000000
15522.000000
15574.000000
14958.000000
14955.000000
14657.000000
14187.000000
13795.000000
13557.000000
12822.000000
12982.000000
12596.000000
12255.000000
12102.000000
11700.000000
11271.000000
11195.000000
10802.000000
10467.000000
10004.000000
9870.000000
9567.000000
8724.000000
9076.000000
8882.000000
9042.000000
8991.000000
8399.000000
9082.000000
9484.000000
8413.000000
